I
1000 Generated by WorldEditor

1    148 0 0 EDAE Eisenhuettenstadt
100 23.00 1 0 0.25 0 1 0 11  52.19937931  014.57772027    0    0 2 10 0 0 29  52.19515431  014.59345573   50    0 2 10 0 0
110 1 0.00 113.8000 asphalt rwyend
111  52.19936693  014.57820575
111  52.19953011  014.57760203
111  52.19930423  014.57743140
111  52.19924569  014.57765078
112  52.19924569  014.57765078  52.19922264  014.57774591
112  52.19921499  014.57790120  52.19920279  014.57793881
111  52.19921499  014.57790120
113  52.19917403  014.57806110
110 1 0.00 113.8000 asphalt taxiway
111  52.19291679  014.59306350
111  52.19282218  014.59299066
111  52.19266323  014.59287086
111  52.19258779  014.59288382
111  52.19242500  014.59348617
111  52.19249845  014.59353798 102
111  52.19287243  014.59381308
112  52.19287243  014.59381308  52.19293393  014.59386056 102
112  52.19304588  014.59407677  52.19308867  014.59416374 102
112  52.19319150  014.59435408  52.19322326  014.59440913 102
111  52.19327829  014.59446865
112  52.19327829  014.59446865  52.19331104  014.59450427
112  52.19331379  014.59465918  52.19329894  014.59473542
111  52.19331379  014.59465918
112  52.19331379  014.59465918  52.19330797  014.59469120
112  52.19320532  014.59479476  52.19317731  014.59481982
111  52.19268535  014.59513211
111  52.19247677  014.59528250
111  52.19241220  014.59528195
111  52.19242750  014.59532832
111  52.19243234  014.59539461
111  52.19269455  014.59520359
112  52.19322721  014.59485196  52.19324618  014.59482985
112  52.19337737  014.59470152  52.19339829  014.59467545
112  52.19351575  014.59463847  52.19356641  014.59467196
111  52.19351575  014.59463847 102
111  52.19399931  014.59498423
112  52.19399931  014.59498423  52.19406658  014.59502341 102
112  52.19420707  014.59499067  52.19429224  014.59496004
111  52.19420707  014.59499067 102
111  52.19567074  014.59449806
112  52.19567074  014.59449806  52.19571878  014.59449414 102
112  52.19583744  014.59427849  52.19586867  014.59420011
111  52.19583744  014.59427849 102
111  52.19589128  014.59410184 102
111  52.19906927  014.58226098
112  52.19906927  014.58226098  52.19909910  014.58213488 102
112  52.19907149  014.58186630  52.19902810  014.58174684
111  52.19907149  014.58186630 102
111  52.19875439  014.58100855
112  52.19875439  014.58100855  52.19872670  014.58093369 102
112  52.19869832  014.58065745  52.19873453  014.58050118
111  52.19869832  014.58065745
111  52.19853731  014.58126163
112  52.19853731  014.58126163  52.19858884  014.58113996 102
112  52.19873544  014.58126177  52.19877205  014.58134362
111  52.19873544  014.58126177 102
111  52.19897271  014.58191547
112  52.19897271  014.58191547  52.19900661  014.58200838 102
112  52.19898601  014.58216241  52.19896567  014.58224426
111  52.19898601  014.58216241 102
111  52.19612956  014.59284721
112  52.19612956  014.59284721  52.19608004  014.59302902 102
112  52.19587504  014.59298976  52.19580838  014.59294204
111  52.19587504  014.59298976 102
111  52.19560862  014.59280357
112  52.19560862  014.59280357  52.19555502  014.59275823 102
112  52.19554195  014.59242690  52.19556379  014.59225848
111  52.19554195  014.59242690
111  52.19543066  014.59284382 102
111  52.19583622  014.59314359
112  52.19583622  014.59314359  52.19590101  014.59319273 102
112  52.19593552  014.59354241  52.19589203  014.59371015
111  52.19593552  014.59354241 102
111  52.19577426  014.59415727
112  52.19577426  014.59415727  52.19575024  014.59425524 102
112  52.19562996  014.59435239  52.19556991  014.59437590
111  52.19562996  014.59435239 102
111  52.19525884  014.59447995
112  52.19525884  014.59447995  52.19514354  014.59450738 102
112  52.19504875  014.59406476  52.19509920  014.59387275
111  52.19504875  014.59406476 102
111  52.19520931  014.59347361
111  52.19511726  014.59340876 102
111  52.19484357  014.59442237
112  52.19484357  014.59442237  52.19480033  014.59455169 102
112  52.19467625  014.59466401  52.19460178  014.59469145
111  52.19467625  014.59466401 102
111  52.19421154  014.59482343
112  52.19421154  014.59482343  52.19414908  014.59484303 102
112  52.19401420  014.59482224  52.19392553  014.59476667
111  52.19401420  014.59482224 102
111  52.19354209  014.59448752
112  52.19354209  014.59448752  52.19349842  014.59445189 102
112  52.19351253  014.59430493  52.19352709  014.59421801
111  52.19351253  014.59430493
111  52.19341818  014.59425465
112  52.19341818  014.59425465  52.19339910  014.59433373 102
112  52.19328009  014.59427593  52.19324355  014.59423911
111  52.19328009  014.59427593
112  52.19328009  014.59427593  52.19324600  014.59423655 102
112  52.19316203  014.59404984  52.19312287  014.59397006 102
112  52.19301561  014.59377169  52.19298781  014.59373283 102
111  52.19289284  014.59361576
112  52.19289284  014.59361576  52.19283606  014.59353027 102
112  52.19285474  014.59329952  52.19287740  014.59320742
113  52.19285474  014.59329952 102
111  52.19260263  014.59297981
111  52.19273453  014.59307432
111  52.19271897  014.59313289
112  52.19271897  014.59313289  52.19272574  014.59311167
112  52.19275983  014.59310959  52.19277496  014.59312192
112  52.19277120  014.59317660  52.19276389  014.59320168
111  52.19277120  014.59317660
111  52.19269775  014.59345301
112  52.19269775  014.59345301  52.19268762  014.59349199
112  52.19265688  014.59348453  52.19264058  014.59347265
112  52.19264101  014.59341778  52.19264714  014.59338781
111  52.19264101  014.59341778
111  52.19260510  014.59355893
113  52.19247197  014.59346442
111  52.19601273  014.59326914 102
112  52.19596671  014.59315117  52.19593784  014.59313240
111  52.19596671  014.59315117
112  52.19596671  014.59315117  52.19599563  014.59317043 102
113  52.19604759  014.59314258 102
111  52.19490411  014.59458377 102
111  52.19497437  014.59433039
112  52.19497437  014.59433039  52.19496944  014.59437463 102
112  52.19507052  014.59454355  52.19510997  014.59456567
113  52.19507052  014.59454355 102
110 1 0.00 113.8000 asphalt marker
111  52.19608362  014.59171365 20
111  52.19600660  014.59165925 20
111  52.19597166  014.59179354 20
113  52.19604809  014.59185054 20
110 1 0.00 113.8000 asphalt hangars
112  52.19324684  014.59165634  52.19321771  014.59163623
111  52.19324684  014.59165634
111  52.19319370  014.59161632
111  52.19319717  014.59152086
111  52.19320498  014.59148926
111  52.19295869  014.59131610
111  52.19294978  014.59135053
112  52.19290199  014.59141385  52.19287449  014.59139209
112  52.19288681  014.59132485  52.19289466  014.59129378
111  52.19288681  014.59132485
111  52.19283289  014.59128605
111  52.19255121  014.59234111
112  52.19255121  014.59234111  52.19252767  014.59244251
112  52.19255171  014.59259720  52.19256292  014.59267033
112  52.19258400  014.59273592  52.19259185  014.59279991
112  52.19258779  014.59288382  52.19257434  014.59293317
111  52.19258779  014.59288382
111  52.19266323  014.59287086
112  52.19266323  014.59287086  52.19264305  014.59283247
112  52.19263771  014.59271040  52.19262874  014.59265739
112  52.19260473  014.59255868  52.19259577  014.59249836
112  52.19259745  014.59238473  52.19260417  014.59233171
112  52.19265672  014.59232454  52.19268810  014.59234831
111  52.19266836  014.59241501
111  52.19264915  014.59248516
111  52.19290552  014.59265956
111  52.19292239  014.59260023
112  52.19297146  014.59254809  52.19299368  014.59256240
112  52.19298244  014.59262970  52.19296788  014.59268088
111  52.19298244  014.59262970
111  52.19290098  014.59292752
112  52.19290098  014.59292752  52.19289313  014.59295677
112  52.19282218  014.59299066  52.19279080  014.59297238
111  52.19282218  014.59299066
111  52.19291679  014.59306350
111  52.19327862  014.59179010
114  52.19327862  014.59179010  52.19329095  014.59174257
111  52.19271191  014.59225385
111  52.19268048  014.59223668
112  52.19268048  014.59223668  52.19266579  014.59222425
112  52.19265523  014.59214953  52.19266171  014.59212377
111  52.19265523  014.59214953
111  52.19268042  014.59206171
112  52.19268042  014.59206171  52.19268580  014.59203780
112  52.19272542  014.59204297  52.19274013  014.59205723
111  52.19272542  014.59204297
113  52.19275671  014.59208243
111  52.19278215  014.59199262
111  52.19273988  014.59198258
112  52.19273988  014.59198258  52.19272519  014.59197016
112  52.19271911  014.59191919  52.19272559  014.59189343
111  52.19271911  014.59191919
111  52.19275663  014.59178567
112  52.19275663  014.59178567  52.19276200  014.59176177
112  52.19279939  014.59176877  52.19281409  014.59178302
111  52.19279939  014.59176877
113  52.19282955  014.59180573
111  52.19285707  014.59170129
111  52.19282168  014.59169375
112  52.19282168  014.59169375  52.19280699  014.59168132
112  52.19280091  014.59163036  52.19280739  014.59160460
111  52.19280091  014.59163036
111  52.19283843  014.59149684
112  52.19283843  014.59149684  52.19284381  014.59147293
112  52.19288119  014.59147993  52.19289590  014.59149419
111  52.19288119  014.59147993
113  52.19290375  014.59152595
111  52.19301354  014.59226228
111  52.19305377  014.59227105
112  52.19305377  014.59227105  52.19306834  014.59228385
112  52.19307394  014.59232892  52.19306721  014.59235451
111  52.19307394  014.59232892
111  52.19303793  014.59246601
112  52.19303793  014.59246601  52.19303233  014.59248977
112  52.19299317  014.59248032  52.19297860  014.59246570
111  52.19299317  014.59248032
113  52.19296799  014.59243505
111  52.19308735  014.59198927
111  52.19313129  014.59199804
112  52.19313129  014.59199804  52.19314586  014.59201084
112  52.19315053  014.59205439  52.19314380  014.59207998
111  52.19315053  014.59205439
111  52.19311453  014.59218846
112  52.19311453  014.59218846  52.19310892  014.59221223
112  52.19307161  014.59220428  52.19305704  014.59218966
111  52.19307161  014.59220428
113  52.19304180  014.59216505
111  52.19316143  014.59171186
111  52.19320908  014.59172214
112  52.19320908  014.59172214  52.19322364  014.59173494
112  52.19322812  014.59178056  52.19322139  014.59180616
111  52.19322812  014.59178056
111  52.19319046  014.59191861
112  52.19319046  014.59191861  52.19318486  014.59194237
112  52.19314754  014.59193443  52.19313298  014.59191980
111  52.19314754  014.59193443
113  52.19311311  014.59189218
110 2 0.00 113.8000 concrete fuel 
111  52.19247197  014.59346442
111  52.19260510  014.59355893
111  52.19264101  014.59341778
111  52.19271897  014.59313289
111  52.19273453  014.59307432
113  52.19260263  014.59297981
130 Airport Boundary
111  52.19722673  014.57715899
111  52.19498070  014.58490323
111  52.19391175  014.58960767
111  52.19318962  014.58987823
111  52.19194478  014.59344645
111  52.19240711  014.59377653
111  52.19227113  014.59427187
111  52.19266786  014.59497531
111  52.19275980  014.59575129
111  52.19310814  014.59553246
111  52.19587859  014.59461691
111  52.19852000  014.59372469
111  52.19952695  014.58745790
111  52.19856472  014.58510001
111  52.19937290  014.58193055
111  52.19897293  014.58073393
111  52.19997569  014.57676378
113  52.19940884  014.57635381
120 rwy hold
111  52.19878761  014.58139228 4
115  52.19886049  014.58130607
120 rwy hold
111  52.19566495  014.59301107 4
115  52.19570259  014.59287342
120 rwy hold
111  52.19527487  014.59462868 4
115  52.19525669  014.59448860
120 rwy hold
111  52.19446444  014.59474166 4
115  52.19448368  014.59489211
120 taxiline
112  52.19597768  014.59358421  52.19603539  014.59337258 51
112  52.19585109  014.59306876  52.19576631  014.59301560
111  52.19585109  014.59306876 51
115  52.19569239  014.59295376
120 taxiline
112  52.19615081  014.59294793  52.19611159  014.59309401 51
116  52.19585109  014.59306876  52.19579226  014.59302424
120 taxiline
111  52.19866425  014.58046633 51
111  52.19862792  014.58060170
112  52.19862792  014.58060170  52.19858520  014.58074267 51
112  52.19873063  014.58109774  52.19880033  014.58129651
111  52.19873063  014.58109774 51
115  52.19881981  014.58133622
120 taxiline
111  52.19882926  014.58136163 51
111  52.19902013  014.58187352
112  52.19902013  014.58187352  52.19905601  014.58197177 51
112  52.19903255  014.58219637  52.19901077  014.58228104
111  52.19903255  014.58219637 51
111  52.19615081  014.59294793 51
111  52.19597768  014.59358421 51
111  52.19580391  014.59421915
112  52.19580391  014.59421915  52.19578032  014.59430867 51
112  52.19564910  014.59442517  52.19558990  014.59444559
111  52.19564910  014.59442517 51
115  52.19527362  014.59455080
120 taxiline
111  52.19567434  014.59293992 51
115  52.19554385  014.59284490
120 taxiline
112  52.19873063  014.58109774  52.19867425  014.58094251 51
112  52.19849633  014.58107899  52.19847519  014.58115948
111  52.19849633  014.58107899 51
115  52.19845541  014.58123398
120 taxiline
111  52.19525571  014.59455673 51
111  52.19472965  014.59473130 51
115  52.19448291  014.59481309
120 taxiline
111  52.19446573  014.59481888 51
111  52.19414556  014.59492618
112  52.19414556  014.59492618  52.19410705  014.59493796 51
112  52.19400767  014.59490185  52.19397639  014.59488143
111  52.19400767  014.59490185 51
111  52.19332574  014.59441310
112  52.19332574  014.59441310  52.19327580  014.59437848 51
112  52.19318387  014.59422873  52.19313518  014.59413097
111  52.19318387  014.59422873 51
111  52.19302462  014.59390931
112  52.19302462  014.59390931  52.19298966  014.59383599 51
112  52.19291958  014.59375747  52.19287463  014.59372489
111  52.19291958  014.59375747 51
111  52.19277072  014.59364732 51
111  52.19256825  014.59349829
112  52.19256825  014.59349829  52.19253655  014.59347566 51
112  52.19254088  014.59338308  52.19255493  014.59332980
111  52.19254088  014.59338308 51
111  52.19263444  014.59303764
112  52.19263444  014.59303764  52.19264949  014.59298499 51
112  52.19270542  014.59299306  52.19273705  014.59301583
111  52.19270542  014.59299306 51
111  52.19280366  014.59306415
112  52.19280366  014.59306415  52.19283620  014.59308683 51
112  52.19282935  014.59317927  52.19281580  014.59322956
111  52.19282935  014.59317927 51
111  52.19274857  014.59347596
112  52.19274857  014.59347596  52.19272935  014.59354627 51
116  52.19277072  014.59364732  52.19280391  014.59367297
120 taxiline
111  52.19501088  014.59400034 51
111  52.19487880  014.59448848
112  52.19487880  014.59448848  52.19484682  014.59459790 51
116  52.19472965  014.59473130  52.19466052  014.59475388
120 taxiline
112  52.19525571  014.59455673  52.19520515  014.59457188 51
112  52.19504959  014.59441509  52.19500728  014.59433430 51
112  52.19501088  014.59400034  52.19504596  014.59386062
111  52.19501088  014.59400034 51
115  52.19515223  014.59346674
21  52.19567386  014.59043046 2 294.0700 3.0 29  PAPI-4L
20  52.19712381  014.58553525 293.8000 0 3 {@Y}__1_/_2__{@@}__1_/_2__
20  52.19739896  014.58572259 293.8000 0 3 {@Y}__1_/_2__{@@}__1_/_2__
14  52.19236571  014.59419870  49.21 0 Tower Viewpoint 
1300  52.19258901  014.59320689 -66.40 gate turboprops|props Ramp Start 1
1300  52.19305226  014.59223644  24.78 hangar turboprops|props Ramp Start 2
1300  52.19245600  014.59533600 341.83 hangar turboprops|props Ramp Start 3
19  52.19862202  014.58238626 1 WS
19  52.19594439  014.59214142 1 WS
54 13265 BERLIN INFO
54 12200 INFO
1200 
1201  52.19258901  014.59320689 both 0 Ramp Start 1
1201  52.19271416  014.59360593 both 1 A_stop
1201  52.19294868  014.59378337 both 2 A_stop
1201  52.19324396  014.59434234 both 3 A_stop
1201  52.19408198  014.59493961 both 4 A_stop
1201  52.19903563  014.58191776 both 5 A_stop
1201  52.19903255  014.58219637 both 6 A_stop
1201  52.19580391  014.59421915 both 7 A_stop
1201  52.19602452  014.59341275 both 8 A_stop
1201  52.19612440  014.59304395 both 9 A_stop
1201  52.19570831  014.59440475 both 10 A_stop
1201  52.19882926  014.58136163 both 11 _stop
1201  52.19873063  014.58109774 both 12 _stop
1201  52.19535341  014.59270541 both 13 _stop
1201  52.19497099  014.59415049 both 14 _stop
1201  52.19504551  014.59440076 both 15 _stop
1201  52.19935999  014.57779627 both 16 _start
1201  52.19851038  014.58095600 both 17 _start
1201  52.19340943  014.59447553 both 18 _stop
1201  52.19245600  014.59533600 both 19 _start
1201  52.19322794  014.59481571 both 20 _start
1201  52.19335082  014.59466624 both 21 _start
1201  52.19311208  014.59228268 both 22 _start
1201  52.19289759  014.59301379 both 23 _start
1201  52.19284854  014.59309777 both 24 _stop
1201  52.19265534  014.59295833 both 25 _stop
1201  52.19251773  014.59346508 both 26 _stop
1201  52.19588830  014.59309413 both 27 _stop
1201  52.19446573  014.59481888 both 28 _stop
1201  52.19527362  014.59455080 both 29 _start
1201  52.19516184  014.59458765 both 30 _start
1201  52.19482182  014.59470055 both 31 _stop
1201  52.19569239  014.59295376 both 32 _start
1202 19 20 twoway taxiway 
1202 20 21 twoway taxiway 
1202 21 18 twoway taxiway 
1202 22 23 twoway taxiway 
1202 23 24 twoway taxiway 
1202 24 1 twoway taxiway 
1202 25 24 oneway taxiway 
1202 31 28 twoway taxiway 
1204 departure 11,29
1204 arrival 11,29
1204 ils 11,29
1202 29 30 twoway taxiway 
1204 departure 11,29
1204 arrival 11,29
1204 ils 11,29
1202 30 31 twoway taxiway 
1204 departure 11,29
1204 arrival 11,29
1204 ils 11,29
1202 2 3 twoway taxiway 
1202 0 25 oneway taxiway 
1202 26 0 twoway taxiway 
1202 1 26 oneway taxiway 
1202 16 17 twoway runway 11/29
1202 17 13 twoway runway 11/29
1204 departure 11,29
1204 arrival 11,29
1204 ils 11,29
1202 2 1 twoway taxiway A
1202 18 3 twoway taxiway A
1202 4 18 twoway taxiway A
1202 28 4 twoway taxiway A
1202 6 5 twoway taxiway A
1202 7 8 twoway taxiway A
1202 8 9 twoway taxiway A
1202 9 6 twoway taxiway A
1202 10 7 twoway taxiway A
1202 29 10 twoway taxiway A
1202 12 11 twoway taxiway B
1204 departure 11,29
1204 arrival 11,29
1204 ils 11,29
1202 17 12 twoway taxiway B
1204 departure 11,29
1204 arrival 11,29
1204 ils 11,29
1202 5 11 twoway taxiway B
1202 27 8 twoway taxiway C
1202 27 32 twoway taxiway C
1202 9 27 twoway taxiway C
1202 32 13 twoway taxiway C
1204 departure 11,29
1204 arrival 11,29
1204 ils 11,29
1202 14 15 twoway taxiway D
1204 departure 11,29
1204 arrival 11,29
1204 ils 11,29
1202 15 30 twoway taxiway D
1204 departure 11,29
1204 arrival 11,29
1204 ils 11,29
1202 13 14 twoway taxiway D
1204 departure 11,29
1204 arrival 11,29
1204 ils 11,29
1202 14 31 twoway taxiway D
1204 departure 11,29
1204 arrival 11,29
1204 ils 11,29
99
