I
1000 Generated by WorldEditor

1    121 1 0 EDAV Finow
100 49.99 2 0 0.25 0 2 0 10  52.82748046  013.69083332    0  110 1 0 0 0 28  52.82516942  013.71248166    0    0 2 10 0 1
110 1 0.00 0.0000 New Taxiway 13
111  52.82738824  013.69379883
111  52.82734658  013.69418366
112  52.82741924  013.69412433  52.82746478  013.69409867
111  52.82751128  013.69411311
111  52.82846170  013.69439050
112  52.82858377  013.69453642  52.82862931  013.69465347
111  52.82862909  013.69473147
111  52.82870493  013.69401850
112  52.82862155  013.69417564  52.82855664  013.69425100
111  52.82850142  013.69424299
111  52.82754519  013.69395757
114  52.82744637  013.69389183  52.82740858  013.69384373
110 2 0.00 0.0000 southern twy
111  52.82513340  013.71072493
111  52.82502768  013.71082803
111  52.82489552  013.71088427
112  52.82485398  013.71079679  52.82485021  013.71080304
111  52.82210814  013.70425300
111  52.82176447  013.70460598
111  52.82471499  013.71166367
111  52.82459793  013.71199577
111  52.82208098  013.71144817
111  52.82201233  013.71130900
111  52.82203979  013.71093694
111  52.82194710  013.71091990
111  52.82190763  013.71128628
111  52.82182696  013.71138569
111  52.82170682  013.71136297
111  52.82167249  013.71125504
111  52.82173085  013.71077790
111  52.82162958  013.71074949
111  52.82156608  013.71123516
111  52.82150772  013.71126640
111  52.82137556  013.71117268
111  52.82122796  013.71097955
111  52.82122281  013.71081482
111  52.82135154  013.71050525
111  52.82127087  013.71038312
111  52.82113184  013.71069837
111  52.82103058  013.71072677
111  52.82067819  013.71028704
111  52.82067819  013.71014949
111  52.82093396  013.70990966
111  52.82088174  013.70976329
111  52.82063450  013.70999783
111  52.82055457  013.70992905
111  52.82054391  013.70978621
111  52.82057908  013.70966453
111  52.82080501  013.70938590
111  52.82074746  013.70922542
111  52.82056096  013.70945644
111  52.82051087  013.70942117
111  52.82042988  013.70854295
111  52.82049169  013.70844596
111  52.82075066  013.70853413
111  52.82077837  013.70836484
111  52.82047784  013.70827490
111  52.82039045  013.70812500
111  52.82032883  013.70744111
111  52.82039278  013.70729361
111  52.82062336  013.70724071
111  52.82060495  013.70706436
111  52.82040925  013.70711246
111  52.82060301  013.70662189
111  52.82054876  013.70656257
111  52.82079484  013.70597741
111  52.82081131  013.70599344
111  52.82082681  013.70595817
111  52.82084812  013.70597420
111  52.82087816  013.70593573
111  52.82096535  013.70602550
111  52.82101961  013.70589885
111  52.82077255  013.70561188
111  52.82100217  013.70506359
111  52.82111746  013.70506199
111  52.82126666  013.70525277
111  52.82131413  013.70513894
111  52.82108549  013.70486319
111  52.82196821  013.70275995
111  52.82189955  013.70267474
111  52.82121645  013.70429079
111  52.82108429  013.70432487
111  52.82091438  013.70414026
111  52.82086632  013.70425103
111  52.82103624  013.70443279
111  52.82105855  013.70466568
111  52.82090580  013.70501785
111  52.82076162  013.70504057
111  52.82059857  013.70486449
111  52.82054193  013.70498093
111  52.82058827  013.70503773
111  52.82057111  013.70508034
111  52.82071872  013.70525074
111  52.82074446  013.70542115
111  52.82016949  013.70681846
111  52.82021926  013.70748019
111  52.82016434  013.70761652
111  52.81992062  013.70768751
111  52.81993778  013.70786075
111  52.82017807  013.70779543
111  52.82026217  013.70789767
111  52.82028792  013.70824984
111  52.82023986  013.70829528
111  52.81981078  013.70814192
111  52.81979018  013.70830948
111  52.82025702  013.70846852
111  52.82032053  013.70855940
111  52.82032739  013.70865596
111  52.82027163  013.70874803
111  52.81999053  013.70866569
111  52.81996702  013.70882857
112  52.82027436  013.70892088  52.82027546  013.70892359
111  52.82036624  013.70908377
111  52.82038210  013.70926023
111  52.82027905  013.70937563
111  52.82028034  013.70940977
111  52.82040671  013.70947165
111  52.82046732  013.71023981
111  52.82049440  013.71028675
111  52.82060788  013.71041692
111  52.82062077  013.71058549
111  52.82047635  013.71089916
111  52.82056532  013.71100585
111  52.82070201  013.71069645
111  52.82081291  013.71067511
111  52.82107468  013.71101012
111  52.82105276  013.71112321
111  52.82063367  013.71137927
111  52.82067622  013.71154144
111  52.82112755  013.71126191
111  52.82127197  013.71125978
111  52.82135063  013.71136007
111  52.82136869  013.71154785
111  52.82131840  013.71166307
111  52.82118558  013.71177190
111  52.82097152  013.71179324
111  52.82098054  013.71197461
111  52.82113529  013.71195967
111  52.82115979  013.71203863
111  52.82101536  013.71245472
111  52.82095862  013.71240351
111  52.82089544  013.71258062
111  52.82102826  013.71271718
111  52.82109273  013.71253581
111  52.82104760  013.71248673
111  52.82118429  013.71207704
111  52.82123974  013.71206850
111  52.82125779  013.71233310
111  52.82136482  013.71231816
111  52.82134934  013.71201089
111  52.82136869  013.71191486
111  52.82149119  013.71165454
111  52.82158404  013.71157985
111  52.82191673  013.71165241
111  52.82208050  013.71162893
111  52.82457569  013.71217311
111  52.82475107  013.71220085
113  52.82496383  013.71226274
110 2 0.00 0.0000 Main concrete twy
111  52.82539423  013.71246177
111  52.82542088  013.71244853
111  52.82609202  013.71487971
111  52.82645538  013.71574855
112  52.82645821  013.71591288  52.82644119  013.71596217
111  52.82640857  013.71601147
111  52.82614757  013.71632134
111  52.82640431  013.71691995
111  52.82664261  013.71665468
111  52.82665680  013.71654200
111  52.82674758  013.71644341
111  52.82712914  013.71739417
111  52.82687311  013.71816509
111  52.82695996  013.71825570
111  52.82722616  013.71747769
111  52.82747915  013.71669655
111  52.82761503  013.71621925
111  52.82765020  013.71610090
111  52.82775688  013.71599613
111  52.82858216  013.71644238
111  52.82866539  013.71598643
111  52.82803588  013.71564690
111  52.82799016  013.71586420
111  52.82793975  013.71590495
111  52.82779556  013.71583316
111  52.82774515  013.71567407
111  52.82786033  013.71503990
111  52.82796209  013.71427687
111  52.82802024  013.71358258
111  52.82804724  013.71290204
111  52.82803893  013.71201183
112  52.82812343  013.71172720  52.82820467  013.71161196
112  52.82834007  013.71166745  52.82837746  013.71171226
111  52.82837875  013.71180404
111  52.82837359  013.71294369
111  52.82860957  013.71293088
111  52.82860828  013.71226715
112  52.82851673  013.71215831  52.82848578  013.71209642
111  52.82847804  013.71203026
111  52.82847675  013.71175495
112  52.82852447  013.71164183  52.82855928  013.71160769
111  52.82860055  013.71161196
111  52.82874884  013.71161196
111  52.82914390  013.71159594
111  52.82915013  013.71141033
111  52.82859564  013.71144470
112  52.82849918  013.71138527  52.82846694  013.71132338
111  52.82846049  013.71119746
111  52.82845534  013.71055293
111  52.82852626  013.71046543
111  52.82896082  013.71046330
111  52.82903304  013.71055720
111  52.82903175  013.71015384
111  52.82896598  013.71027335
111  52.82855205  013.71030110
111  52.82846436  013.71023067
111  52.82844760  013.70945595
111  52.82852110  013.70931509
112  52.82894793  013.70932149  52.82894922  013.70932363
111  52.82901111  013.70940473
111  52.82901885  013.70913155
111  52.82852884  013.70914649
111  52.82843986  013.70906539
111  52.82842705  013.70754741
111  52.82838336  013.70729692
111  52.82837088  013.70681919
111  52.82850662  013.70680369
111  52.82857060  013.70670298
111  52.82857841  013.70525493
111  52.82870004  013.70523663
111  52.82869451  013.70404719
111  52.82839045  013.70407007
111  52.82839027  013.70449227
112  52.82835126  013.70458782  52.82832786  013.70459815
111  52.82830445  013.70460073
112  52.82824048  013.70454392  52.82821864  013.70450260
111  52.82821708  013.70446129
111  52.82886379  013.69840732
111  52.82863535  013.69832827
111  52.82845259  013.69785395
111  52.82862670  013.69625309
111  52.82870977  013.69611217
111  52.82946779  013.69633903
111  52.82953633  013.69644558
111  52.82959863  013.69674118
111  52.82966924  013.69669650
111  52.82962563  013.69647995
111  52.82967339  013.69640090
111  52.82999529  013.69648683
111  52.83007213  013.69662431
111  52.83013028  013.69689585
111  52.83019882  013.69685117
111  52.83014482  013.69660713
111  52.83019051  013.69653151
111  52.83068893  013.69667932
111  52.83070347  013.69654871
111  52.83069101  013.69647996
111  52.83082185  013.69622216
111  52.83076370  013.69615686
111  52.83061832  013.69642496
111  52.83050202  013.69647652
111  52.83020712  013.69639402
111  52.83018012  013.69628747
111  52.83029019  013.69605374
111  52.83023412  013.69598499
111  52.83010744  013.69625653
111  52.83000568  013.69634246
111  52.82959448  013.69621872
111  52.82976269  013.69385051
111  52.82984784  013.69397768
111  52.82994753  013.69448639
111  52.83001606  013.69444170
111  52.82992053  013.69400862
111  52.82995583  013.69389863
111  52.83028189  013.69399143
111  52.83035665  013.69410830
111  52.83043764  013.69444171
111  52.83050410  013.69440734
111  52.83041895  013.69403268
111  52.83045633  013.69404299
111  52.83047087  013.69390206
111  52.83024817  013.69383953
111  52.83021412  013.69374093
111  52.83036590  013.69340755
111  52.83032193  013.69333947
111  52.83014320  013.69369397
111  52.83002972  013.69377379
111  52.82972476  013.69368928
111  52.82968787  013.69358833
111  52.82981128  013.69332774
111  52.82975738  013.69325496
111  52.82959426  013.69356016
111  52.82950489  013.69362824
111  52.82917297  013.69354138
111  52.82913893  013.69350382
111  52.82915595  013.69324557
111  52.82953179  013.69157618
111  52.82960129  013.69154096
111  52.82965803  013.69146818
111  52.83002541  013.69163017
111  52.83004101  013.69151748
111  52.82984101  013.69142827
111  52.82992895  013.69082492
111  52.83010201  013.69090708
111  52.83011761  013.69078970
111  52.82994598  013.69070988
111  52.83001264  013.69024269
111  52.83018569  013.69029904
111  52.83019988  013.69015113
111  52.83003676  013.69009948
111  52.83007080  013.68983419
111  52.83011193  013.68929892
111  52.83026371  013.68933883
111  52.83027364  013.68922614
111  52.83012328  013.68918858
111  52.83020272  013.68836923
111  52.83047790  013.68843966
111  52.83057861  013.68855940
111  52.83093464  013.68936702
111  52.83098996  013.68929658
111  52.83067506  013.68858053
111  52.83071904  013.68848192
111  52.83103961  013.68855235
111  52.83104812  013.68845140
111  52.83075450  013.68838332
111  52.83069634  013.68823776
111  52.83071762  013.68787386
111  52.83064528  013.68785508
111  52.83062542  013.68818611
111  52.83053322  013.68829880
111  52.83021265  013.68822602
111  52.82994557  013.68800590
111  52.82997252  013.68720298
111  52.82995124  013.68524970
111  52.83003919  013.68510415
111  52.83020231  013.68514640
111  52.83040988  013.68329562
111  52.83067513  013.68081902
111  52.83046761  013.68073638
111  52.83039896  013.68062533
111  52.83037711  013.68052203
111  52.83039115  013.68038774
111  52.83168621  013.67904483
111  52.83179699  013.67907582
111  52.83252253  013.68059179
111  52.83259118  013.68049624
111  52.83259118  013.68034386
111  52.83254750  013.68024573
111  52.83227912  013.67963623
111  52.83215742  013.67961041
111  52.83183756  013.67893894
111  52.83182195  013.67875557
111  52.83184848  013.67850248
111  52.83194522  013.67838368
111  52.83212777  013.67842500
111  52.83213557  013.67833461
111  52.83195926  013.67827780
111  52.83188280  013.67812801
111  52.83192493  013.67776903
111  52.83202167  013.67766056
111  52.83219487  013.67770963
111  52.83220735  013.67760633
111  52.83203415  013.67755468
111  52.83196706  013.67739714
111  52.83201075  013.67698651
111  52.83209033  013.67687546
111  52.83276282  013.67707173
111  52.83285799  013.67720861
111  52.83295161  013.67759859
111  52.83300622  013.67755985
111  52.83293133  013.67719828
111  52.83297814  013.67704333
111  52.83336509  013.67693485
111  52.83345403  013.67705624
111  52.83348056  013.67737391
111  52.83354453  013.67735325
111  52.83351488  013.67702783
111  52.83358666  013.67688837
111  52.83387063  013.67680830
111  52.83396737  013.67690645
111  52.83407971  013.67750305
111  52.83414837  013.67746947
111  52.83404071  013.67688320
111  52.83412808  013.67677214
111  52.83421546  013.67682122
111  52.83443546  013.67722153
111  52.83454624  013.67704075
111  52.83434184  013.67664043
111  52.83429660  013.67669983
111  52.83425759  013.67656553
111  52.83297502  013.67690128
111  52.83278466  013.67689611
111  52.83191869  013.67664818
111  52.83189217  013.67651647
111  52.83210125  013.67610326
111  52.83221983  013.67603611
111  52.83241175  013.67609293
111  52.83242579  013.67598187
111  52.83226352  013.67594055
111  52.83224480  013.67582950
111  52.83244608  013.67542661
111  52.83256154  013.67535688
111  52.83276282  013.67540854
111  52.83277218  013.67530265
111  52.83258494  013.67525100
111  52.83246480  013.67510121
111  52.83239770  013.67481195
111  52.83234153  013.67485069
111  52.83240083  013.67513736
111  52.83237430  013.67534655
111  52.83217458  013.67573394
111  52.83211529  013.67571070
111  52.83205912  013.67548085
111  52.83199827  013.67552217
111  52.83205756  013.67580626
111  52.83202167  013.67602061
111  52.83177826  013.67650355
111  52.83170181  013.67587082
111  52.83163628  013.67590440
111  52.83171273  013.67653196
111  52.83165812  013.67657586
111  52.83023824  013.67617298
111  52.83024293  013.67609293
111  52.83001200  013.67565907
111  52.82988718  013.67563067
111  52.82958760  013.67591474
111  52.82957043  013.67597413
111  52.82930362  013.67590699
111  52.82931922  013.67575463
111  52.82887766  013.67561518
111  52.82743039  013.68915819
111  52.82787234  013.68928817
111  52.82848243  013.68350061
112  52.82869619  013.68302028  52.82883662  013.68289633
111  52.82898016  013.68292990
111  52.82951067  013.68308485
112  52.82973691  013.68333534  52.82981493  013.68352644
111  52.82980557  013.68367106
111  52.82870493  013.69401850
111  52.82862909  013.69473147
111  52.82858853  013.69503619
111  52.82832484  013.69610271
111  52.82846838  013.69621375
111  52.82709055  013.70907967
112  52.82694097  013.70943180  52.82681073  013.70955985
111  52.82669983  013.70953638
111  52.82617500  013.70938272
112  52.82590937  013.70909035  52.82579847  013.70889829
111  52.82580620  013.70859311
111  52.82564631  013.71007629
112  52.82582426  013.70973057  52.82596481  013.70954918
111  52.82612729  013.70958119
111  52.82667920  013.70973911
112  52.82689326  013.70996960  52.82696805  013.71015100
111  52.82695516  013.71037722
111  52.82679913  013.71183909
112  52.82661473  013.71226804  52.82647288  013.71243450
111  52.82633877  013.71239182
111  52.82586681  013.71224883
112  52.82561407  013.71199914  52.82550575  013.71178361
113  52.82549948  013.71150088
111  52.82558107  013.71243568
111  52.82637527  013.71266291
112  52.82657030  013.71287466  52.82665612  013.71305799
111  52.82664364  013.71329814
111  52.82652350  013.71447564
112  52.82634562  013.71470546  52.82620051  013.71473645
111  52.82613654  013.71456344
113  52.82555455  013.71244860
111  52.82670961  013.71518919
111  52.82708367  013.71596700
111  52.82713696  013.71590527
111  52.82667231  013.71494579
112  52.82663075  013.71482762  52.82662116  013.71477294
111  52.82662648  013.71470416
111  52.82670961  013.71395809
111  52.82676396  013.71390871
111  52.82681512  013.71391400
111  52.82685348  013.71398102
111  52.82713163  013.71507807
111  52.82719451  013.71504280
111  52.82690250  013.71388754
111  52.82695259  013.71390165
111  52.82741085  013.71435317
111  52.82744282  013.71425793
111  52.82699948  013.71382228
112  52.82695046  013.71358594  52.82697497  013.71346248
111  52.82706769  013.71347306
111  52.82721902  013.71351186
111  52.82739912  013.71181690
111  52.82744175  013.71170401
111  52.82754726  013.71165286
111  52.82782328  013.71164581
112  52.82789361  013.71169519  52.82793091  013.71174634
111  52.82793624  013.71185217
111  52.82794583  013.71292631
111  52.82792345  013.71353657
111  52.82787337  013.71415213
111  52.82782754  013.71460189
111  52.82774228  013.71516101
111  52.82765489  013.71557197
111  52.82753873  013.71608698
111  52.82743962  013.71645914
111  52.82738740  013.71660376
112  52.82719984  013.71669372  52.82709966  013.71664257
111  52.82705490  013.71654203
111  52.82692382  013.71621750
111  52.82685455  013.71589826
111  52.82667977  013.71536914
111  52.82662862  013.71526508
111  52.82661689  013.71512222
113  52.82665846  013.71509400
111  52.82755144  013.71144697
111  52.82752238  013.71140033
111  52.82748010  013.71128955
111  52.82753735  013.71081289
111  52.82763159  013.71083184
111  52.82764392  013.71073272
111  52.82754880  013.71070648
111  52.82817412  013.70482948
111  52.82820764  013.70477399
111  52.82825536  013.70476332
111  52.82828244  013.70482734
111  52.82829404  013.70496393
111  52.82836367  013.71102711
112  52.82829533  013.71132589  52.82822957  013.71144754
111  52.82813027  013.71146461
111  52.82770732  013.71147528
111  52.82775890  013.71091613
111  52.82777824  013.71089479
111  52.82779242  013.71076674
111  52.82775245  013.71075607
111  52.82767379  013.71147742
113  52.82757837  013.71148168
111  52.82871068  013.69596110
111  52.82868515  013.69567704
111  52.82878302  013.69478025
111  52.82901565  013.69381772
111  52.82906672  013.69370503
111  52.82909650  013.69368156
111  52.82913764  013.69367451
111  52.82966672  013.69382241
111  52.82949793  013.69619354
113  52.82872912  013.69597756
111  52.82901732  013.69321580
111  52.82899002  013.69322600
111  52.82894950  013.69321725
111  52.82921637  013.69068959
111  52.82927714  013.69011088
112  52.82932206  013.68998114  52.82935553  013.68991554
111  52.82940133  013.68990534
111  52.82957924  013.68995927
111  52.82964209  013.69008297
111  52.82957187  013.69061753
111  52.82943769  013.69143358
113  52.82903501  013.69317978
111  52.82944196  013.68970669
112  52.82936988  013.68963283  52.82934928  013.68959022
111  52.82933727  013.68951069
111  52.82966680  013.68646834
111  52.82977322  013.68554228
111  52.82981269  013.68548830
111  52.82983329  013.68551955
111  52.82985560  013.68585759
111  52.82986246  013.68660469
111  52.82984015  013.68782335
111  52.82975948  013.68782903
111  52.82975242  013.68803357
111  52.82979558  013.68809188
111  52.82983345  013.68800878
111  52.82978677  013.68880179
111  52.82969782  013.68964582
113  52.82960181  013.68974932
111  52.82900810  013.68272323
112  52.82871164  013.68241100  52.82868469  013.68230535
111  52.82867618  013.68202129
111  52.82864781  013.68201425
111  52.82874852  013.68109868
112  52.82891022  013.68071602  52.82903788  013.68052351
111  52.82921094  013.68057516
111  52.82921661  013.68054698
111  52.82979108  013.68071601
112  52.82998116  013.68092965  52.83006201  013.68108929
111  52.83005350  013.68136162
111  52.82992726  013.68250729
112  52.82978257  013.68278666  52.82966910  013.68289700
113  52.82954002  013.68287587
111  52.82925108  013.68035597
112  52.82900455  013.68007965  52.82888753  013.67986273
111  52.82891093  013.67953218
111  52.82919023  013.67688006
112  52.82936966  013.67639456  52.82950073  013.67625769
111  52.82963960  013.67627060
111  52.83020443  013.67642296
112  52.83041663  013.67669412  52.83050088  013.67692138
111  52.83049932  013.67717446
111  52.83018414  013.68011588
112  52.83003123  013.68043611  52.82990797  013.68054199
113  52.82980811  013.68050841
111  52.83048449  013.68002961
111  52.83038662  013.67982066
111  52.83069301  013.67697756
112  52.83081216  013.67669583  52.83091287  013.67654088
111  52.83105471  013.67658783
111  52.83186607  013.67681555
111  52.83192565  013.67695173
111  52.83173415  013.67875012
111  52.83168309  013.67888629
113  52.83060081  013.67999677
130 Airport Boundary 1
111  52.82681475  013.71833857
111  52.82743637  013.71815670
111  52.82814642  013.71558774
111  52.82849410  013.71177883
111  52.82881123  013.70089265
111  52.82974972  013.69742096
111  52.83053838  013.69385778
111  52.83040733  013.69055087
111  52.83103278  013.68925386
111  52.83105854  013.68812736
111  52.83053242  013.68667203
111  52.83100328  013.68154817
111  52.83121837  013.68046838
111  52.83259492  013.67877152
111  52.83448768  013.67794087
111  52.83435863  013.67627958
111  52.83303227  013.67598292
111  52.83262360  013.67464202
111  52.83177042  013.67525907
111  52.82786301  013.67544902
111  52.82749737  013.67716958
111  52.82815697  013.67745434
111  52.82419220  013.71152899
111  52.82258856  013.71083511
111  52.82253837  013.71013517
111  52.82157048  013.70958946
111  52.82124068  013.70735914
111  52.82207235  013.70511696
111  52.82047354  013.70338491
111  52.82000752  013.70737101
111  52.81934075  013.70758455
111  52.81936226  013.71030126
111  52.82014374  013.71138083
113  52.82137690  013.71308916
120 Linear Feature 16
111  52.82745563  013.69401307 1
112  52.82723421  013.69412274  52.82712764  013.69425502 1
111  52.82709460  013.69448431 1
115  52.82699762  013.69539087
120 Linear Feature 27
111  52.82555417  013.71246974 20
115  52.82545275  013.71254204
120 Linear Feature 26
111  52.82762690  013.70988705 22
111  52.82746396  013.70984049 22
111  52.82740065  013.71041865 22
115  52.82756477  013.71046715
120 Linear Feature 25
111  52.82651713  013.71452066 20
111  52.82648366  013.71482239 20
115  52.82620710  013.71513869
120 Linear Feature 24
111  52.82765268  013.70967280 20
111  52.82704842  013.70949204 20
115  52.82695480  013.71037471
120 Linear Feature 23
111  52.82749981  013.69410134 5
115  52.82751983  013.69395027
120 Linear Feature 22
111  52.82484575  013.71206192 5
115  52.82483083  013.71221183
120 Linear Feature 21
111  52.82557363  013.71242348 5
115  52.82560240  013.71217656
120 Linear Feature 20
111  52.82534059  013.71080372 1
111  52.82525251  013.71163852 1
112  52.82509798  013.71204266  52.82499389  013.71216324 1
111  52.82477931  013.71212879 1
111  52.82151239  013.71141583 1
111  52.82147363  013.71139980 1
111  52.82142228  013.71134369 1
111  52.82056875  013.71025673 1
111  52.82053775  013.71020383 1
111  52.82052031  013.71014451 1
111  52.82051062  013.71006435 1
111  52.82025985  013.70731207 1
111  52.82026305  013.70723125 1
111  52.82027826  013.70715175 1
115  52.82080952  013.70585880
120 Linear Feature 19
111  52.82673582  013.71325534 1
112  52.82668973  013.71281386  52.82661484  013.71260986 1
115  52.82651105  013.71257373
120 Linear Feature 18
111  52.82685201  013.71638771 1
111  52.82662420  013.71582736 1
112  52.82652278  013.71525668  52.82653526  013.71499071 1
111  52.82656023  013.71474023 1
111  52.82673582  013.71325534 1
115  52.82688246  013.71201529
120 Linear Feature 17
111  52.82535410  013.71080995 1
111  52.82526384  013.71164235 1
112  52.82533008  013.71205312  52.82540724  013.71224225 1
111  52.82557829  013.71230489 1
111  52.82651105  013.71257373 1
112  52.82675031  013.71242448  52.82685098  013.71228937 1
111  52.82688246  013.71201529 1
115  52.82780832  013.70337093
120 Linear Feature 15
111  52.82731788  013.69240020 1
111  52.82721501  013.69336195 1
112  52.82726193  013.69376517  52.82733065  013.69397940 1
111  52.82745563  013.69401307 1
111  52.82847348  013.69431276 1
112  52.82868363  013.69424375  52.82876569  013.69414145 1
115  52.82879127  013.69395095
120 Linear Feature 14
111  52.82748386  013.69081067 22
115  52.82904303  013.67622317
21  52.82512449  013.70835106 2 279.9800 3.0 28  PAPI-4L
14  52.82819305  013.71115088  49.21 0 ATC Tower
1300  52.82721414  013.71231166 192.46 tie_down turboprops|props|helos Ramp start east 1
1300  52.82726439  013.71178614 192.46 tie_down turboprops|props|helos Ramp start east 2
1300  52.82731465  013.71128709 192.44 tie_down turboprops|props|helos Ramp start east 3
1300  52.82736719  013.71077292 190.63 tie_down turboprops|props|helos Ramp start east 4
1300  52.82713647  013.70969542 100.66 tie_down turboprops|props|helos Ramp start east 5
1300  52.82993596  013.69076665 194.90 tie_down turboprops|props|helos Ramp start west 1
1300  52.82983704  013.69148976 194.90 tie_down turboprops|props|helos Ramp start west 2
1300  52.82960611  013.69098724  13.10 tie_down turboprops|props|helos Ramp start west 3
1300  52.82966706  013.69059337  13.10 tie_down turboprops|props|helos Ramp start west 4
1300  52.82972802  013.69026936  13.10 tie_down turboprops|props|helos Ramp start west 5
1300  52.82979250  013.68979594  10.97 tie_down turboprops|props|helos Ramp start west 6
1300  52.82984173  013.68933610   7.34 tie_down turboprops|props|helos Ramp start west 7
1300  52.82986870  013.68910327   7.34 tie_down turboprops|props|helos Ramp start west 8
1300  52.82988745  013.68886656   7.28 tie_down turboprops|props|helos Ramp start west 9
1300  52.82990621  013.68862209   6.58 tie_down turboprops|props|helos Ramp start west 10
1300  52.82992848  013.68838732   6.58 tie_down turboprops|props|helos Ramp start west 11
19  52.82979408  013.69192741 1 New Windsock 1
19  52.82648446  013.71044028 1 WS
54 11905 Finow Info
1200 
1201  52.82648537  013.71256410 both 0 _stop
1201  52.82669453  013.71252992 both 1 _stop
1201  52.82685204  013.71226070 both 2 _stop
1201  52.82691402  013.71172224 both 3 _stop
1201  52.82696825  013.71120515 both 4 _stop
1201  52.82702505  013.71069234 both 5 _stop
1201  52.82709994  013.70996585 both 6 _start
1201  52.83001980  013.68840210 both 7 _stop
1201  52.83000056  013.68863032 both 8 _stop
1201  52.82998292  013.68888242 both 9 _stop
1201  52.82996689  013.68911595 both 10 _stop
1201  52.82995246  013.68934682 both 11 _stop
1201  52.82991398  013.68980857 both 12 _stop
1201  52.82984182  013.69031012 both 13 _stop
1201  52.82978891  013.69069756 both 14 _stop
1201  52.82972638  013.69104255 both 15 _stop
1201  52.82964621  013.69134507 both 16 _stop
1201  52.82949229  013.69147510 both 17 _stop
1201  52.82909103  013.69325006 both 18 _stop
1201  52.82877581  013.69407789 both 19 _stop
1201  52.82866358  013.69430079 both 20 _stop
1201  52.82851286  013.69432202 both 21 _stop
1201  52.82757739  013.69404825 both 22 _stop
1201  52.82727441  013.69395594 both 23 _stop
1201  52.82759836  013.69099943 both 24 _stop
1201  52.82758193  013.69083237 both 25 _stop
1201  52.82573428  013.71234736 both 26 _stop
1201  52.82520307  013.71217647 both 27 _stop
1201  52.82532550  013.71221522 both 28 _stop(split)
1201  52.82747645  013.69087959 both 29 _start
1202 0 26 twoway taxiway 
1202 1 0 twoway taxiway 
1202 2 1 twoway taxiway 
1202 3 2 twoway taxiway 
1202 4 3 twoway taxiway 
1202 5 4 twoway taxiway 
1202 6 5 twoway taxiway 
1202 8 7 twoway taxiway 
1202 9 8 twoway taxiway 
1202 10 9 twoway taxiway 
1202 11 10 twoway taxiway 
1202 12 11 twoway taxiway 
1202 13 12 twoway taxiway 
1202 14 13 twoway taxiway 
1202 15 14 twoway taxiway 
1202 16 15 twoway taxiway 
1202 17 16 twoway taxiway 
1202 18 17 twoway taxiway 
1202 19 18 twoway taxiway 
1202 20 19 twoway taxiway 
1202 21 20 twoway taxiway 
1202 22 21 twoway taxiway 
1202 23 28 twoway taxiway 
1204 departure 10,28
1204 arrival 10,28
1202 23 22 twoway taxiway 
1204 departure 10,28
1204 arrival 10,28
1202 24 23 twoway taxiway 
1204 departure 10,28
1204 arrival 10,28
1202 25 24 twoway taxiway 
1204 departure 10,28
1204 arrival 10,28
1202 29 25 twoway taxiway 
1204 departure 10,28
1204 arrival 10,28
1202 27 28 twoway taxiway 
1204 departure 10,28
1204 arrival 10,28
1202 28 26 twoway taxiway 
1204 departure 10,28
1204 arrival 10,28
1202 29 27 twoway runway 10/28
1204 departure 10,28
1204 arrival 10,28
99
