I
1130 Generated by WorldEditor 2.1.0r1

1    130 1 0 EDAZ Schonhagen
1302 city Trebbin
1302 country Germany
1302 datum_lat 52.208000000
1302 datum_lon 13.156500000
1302 faa_code 
1302 gui_label 3D
1302 iata_code QXH
1302 icao_code EDAZ
1302 region_code ED
1302 state Brandenburg
1302 transition_alt 
1302 transition_level 
100 23.00 1 0 0.00 1 1 0 07  52.20218993  013.14906437  171    0 2 8 0 2 25  52.20561602  013.17107662  281    0 2 8 0 0
100 18.00 1 0 0.00 1 0 0 12  52.20923857  013.15505333    0    0 1 0 0 0 30  52.20551616  013.16331051    0    0 1 0 0 0
100 40.00 3 0 0.00 0 0 0 12R  52.20947407  013.15294795    0    0 1 0 0 0 30L  52.20538679  013.16204441    0    0 1 0 0 0
110 2 0.00 106.6000 Parking Hangars NorthEast
111  52.21053456  013.15317737
111  52.21082668  013.15156443
111  52.21061768  013.15146335
111  52.21064961  013.15129618
111  52.21085968  013.15139897
111  52.21097296  013.15077360
111  52.21081914  013.15003559
111  52.21045194  013.15025212
111  52.21058289  013.15080215
111  52.21057246  013.15092053
111  52.21048245  013.15131861
111  52.21043131  013.15136057
111  52.21027729  013.15220638
111  52.21013686  013.15299772
113  52.21020230  013.15303037
110 2 0.00 346.0000 Taxiway GA Hangarrow
111  52.20993572  013.15154378
111  52.20966553  013.15167004
111  52.20963855  013.15148243
111  52.20945141  013.15156074
111  52.20948446  013.15175040
111  52.20907986  013.15177771
111  52.20867281  013.15194252
111  52.20860441  013.15150424
111  52.20768373  013.15188999
111  52.20777626  013.15251297
111  52.20911229  013.15195611
111  52.20952339  013.15192009
111  52.20991496  013.15172694
113  52.20994358  013.15172535
110 1 0.00 305.0000 Taxiway North old Hangar
111  52.21033608  013.15015152
111  52.21033657  013.14992463
111  52.20989130  013.14992779
111  52.20989172  013.15015882
111  52.21003350  013.15015901
111  52.21004994  013.15022763
111  52.21004763  013.15130641
112  52.21004763  013.15130641  52.21004792  013.15135202
112  52.20993572  013.15154378  52.20989181  013.15154127
111  52.20993572  013.15154378
111  52.20994358  013.15172535
112  52.20994358  013.15172535  52.21001376  013.15179868
112  52.21011017  013.15200402  52.21015368  013.15210451
111  52.21011017  013.15200402
112  52.21011017  013.15200402  52.21013432  013.15205981
111  52.21016982  013.15214812
112  52.21016982  013.15214812  52.21020217  013.15223777
112  52.21018044  013.15251606  52.21017272  013.15255848
111  52.21018044  013.15251606
111  52.21013090  013.15279266
112  52.21013090  013.15279266  52.21012505  013.15282575
112  52.21008389  013.15298008  52.21007483  013.15300538
111  52.21008389  013.15298008
111  52.20928013  013.15485423
112  52.20928013  013.15485423  52.20925321  013.15491635
111  52.20917033  013.15497967
111  52.20929765  013.15513177
111  52.21020230  013.15303037
111  52.21013686  013.15299772
111  52.21027729  013.15220638
112  52.21017721  013.15189380  52.21010349  013.15176132
111  52.21017721  013.15189380
111  52.21012082  013.15178099
112  52.21012082  013.15178099  52.21010124  013.15174106
112  52.21012263  013.15138990  52.21014661  013.15128915
111  52.21012263  013.15138990
111  52.21012734  013.15017835
113  52.21013584  013.15015538
110 3 0.00 126.2500 Taxiway 12/30 old Hangar Grass 
111  52.20976478  013.15179643
111  52.20932621  013.15278528
111  52.20961625  013.15312934
111  52.21011017  013.15200402
112  52.21011017  013.15200402  52.21006665  013.15190354
112  52.20994358  013.15172535  52.20987340  013.15165202
111  52.20994358  013.15172535
113  52.20991496  013.15172694
110 3 0.00 126.1400 Link Taxiway A to 12/30 Grass
111  52.20524222  013.16186958
112  52.20506570  013.16202372  52.20500449  013.16195982
111  52.20506570  013.16202372
111  52.20521500  013.16298970
113  52.20553224  013.16221712
110 1 0.00 126.3400 Link Taxiway A to 12-30
111  52.20545060  013.16323244
112  52.20545060  013.16323244  52.20537155  013.16340607
112  52.20524983  013.16321142  52.20519285  013.16306376
111  52.20524983  013.16321142
111  52.20536587  013.16395558
111  52.20537825  013.16386788
113  52.20558085  013.16338799
110 2 0.00 76.4000 APRON Avgas area
111  52.20413686  013.15246602
111  52.20401777  013.15166920
111  52.20371829  013.15179117
111  52.20376874  013.15212308
111  52.20366905  013.15216401
111  52.20368719  013.15227778
111  52.20378622  013.15223744
113  52.20384009  013.15259149
110 1 0.00 255.7500 APRON
111  52.20361961  013.15053676
111  52.20361493  013.15111824
112  52.20358257  013.15120520  52.20355612  013.15121959
111  52.20347569  013.15120808
112  52.20347569  013.15120808  52.20341017  013.15119764
112  52.20335280  013.15102537  52.20333061  013.15093393
111  52.20335280  013.15102537
111  52.20350940  013.15203042
112  52.20350940  013.15203042  52.20349668  013.15191234
112  52.20358875  013.15175337  52.20365218  013.15172919
112  52.20371829  013.15179117  52.20373927  013.15182164
111  52.20371829  013.15179117
111  52.20401777  013.15166920
111  52.20413303  013.15246764
111  52.20384009  013.15259149
112  52.20384009  013.15259149  52.20382412  013.15264801
112  52.20374798  013.15272670  52.20368147  013.15275347
112  52.20360002  013.15261260  52.20357581  013.15252070
111  52.20360002  013.15261260
111  52.20372801  013.15343492
111  52.20425840  013.15321496
111  52.20454862  013.15309460 20
111  52.20452388  013.15293388
111  52.20399886  013.14952239
111  52.20384030  013.14992893
113  52.20366370  013.15038175
110 1 0.00 76.0000 Parking New Hangars ext
112  52.20682303  013.15108453  52.20682914  013.15108153
111  52.20682303  013.15108453
111  52.20783546  013.15065012
111  52.20795897  013.15061333
111  52.20776524  013.14937202
111  52.20732563  013.14956071
111  52.20751023  013.15066514
113  52.20671915  013.15099516
110 1 0.00 345.7500 Parking New Hangars 
111  52.20399886  013.14952239
111  52.20452388  013.15293388 20
111  52.20470304  013.15286011 22
111  52.20476371  013.15283527
111  52.20498159  013.15274300
111  52.20510362  013.15240733
111  52.20552986  013.15118504
111  52.20573126  013.15109570
111  52.20662583  013.15194080
111  52.20807221  013.15131709
111  52.20795897  013.15061333
111  52.20783546  013.15065012
111  52.20682303  013.15108453
112  52.20682303  013.15108453  52.20681692  013.15108753
111  52.20671915  013.15099516
111  52.20607805  013.15037284
112  52.20607805  013.15037284  52.20603763  013.15033454
112  52.20607576  013.15003993  52.20615338  013.15000848
111  52.20607576  013.15003993
111  52.20661074  013.14981845
111  52.20654355  013.14935291
111  52.20630655  013.14944390
111  52.20629911  013.14939857
111  52.20585156  013.14959180
111  52.20573503  013.14989686
111  52.20566944  013.15007055
111  52.20525148  013.15023998
111  52.20521138  013.15020008
111  52.20537584  013.14975115
111  52.20430487  013.14871523
111  52.20410891  013.14926214
111  52.20413736  013.14889687
111  52.20406787  013.14890097
113  52.20403952  013.14935564
112  52.20458149  013.15015162  52.20463380  013.15019793
111  52.20458149  013.15015162
111  52.20499134  013.15054832
112  52.20499134  013.15054832  52.20506270  013.15061253
112  52.20502440  013.15085631  52.20497190  013.15099483
111  52.20502440  013.15085631
111  52.20478688  013.15151746
112  52.20478688  013.15151746  52.20474301  013.15162334
112  52.20463090  013.15140672  52.20460757  013.15124391
111  52.20463090  013.15140672
111  52.20445637  013.15030119
114  52.20445637  013.15030119  52.20443502  013.15015375
110 1 0.00 75.7500 Taxiway A
112  52.20609965  013.16965183  52.20608005  013.16970385
111  52.20609965  013.16965183 102
111  52.20589890  013.17020683 102
111  52.20586162  013.17029714
112  52.20586162  013.17029714  52.20580619  013.17043833 102
112  52.20566799  013.17037754  52.20563860  013.17035274 102
111  52.20558028  013.17023129
111  52.20569370  013.17095100 102
111  52.20578797  013.17082462 102
111  52.20598417  013.17029189 102
111  52.20619760  013.16972406
112  52.20619760  013.16972406  52.20624307  013.16960761 102
112  52.20619823  013.16930263  52.20618213  013.16920029
111  52.20619823  013.16930263 102
111  52.20536587  013.16395558
111  52.20524983  013.16321142 102
111  52.20521500  013.16298970
111  52.20506570  013.16202372 102
111  52.20468930  013.15960987
112  52.20468930  013.15960987  52.20466001  013.15942274 102
112  52.20484035  013.15923456  52.20499160  013.15919091
111  52.20484035  013.15923456
112  52.20484035  013.15923456  52.20497609  013.15918541 102
112  52.20505640  013.15908227  52.20509816  013.15900959 102
112  52.20510385  013.15865285  52.20507462  013.15845298
111  52.20510385  013.15865285 102
111  52.20425840  013.15321496
111  52.20372801  013.15343492
111  52.20360002  013.15261260
111  52.20350940  013.15203042
111  52.20335280  013.15102537 102
111  52.20317759  013.14989825 102
111  52.20316075  013.14982230
112  52.20316075  013.14982230  52.20310526  013.14962138
112  52.20285710  013.14953380  52.20275248  013.14955188
111  52.20285710  013.14953380 102
111  52.20239014  013.14972947
111  52.20246293  013.15019413
112  52.20246293  013.15019413  52.20244863  013.15002435 102
112  52.20256838  013.14982111  52.20265809  013.14977999
111  52.20256838  013.14982111 102
111  52.20284062  013.14970144
112  52.20284062  013.14970144  52.20296463  013.14964727 102
112  52.20307932  013.14989932  52.20309784  013.15000833
111  52.20307932  013.14989932 102
111  52.20358031  013.15310909
111  52.20371892  013.15399724 102
111  52.20447817  013.15887248
111  52.20455672  013.15939978 102
111  52.20544603  013.16511818
111  52.20557798  013.16597722 102
111  52.20610874  013.16938848
114  52.20610874  013.16938848  52.20612132  013.16946251 102
112  52.20470009  013.15671400  52.20471373  013.15679052
111  52.20470009  013.15671400 102
111  52.20499136  013.15857889
112  52.20499136  013.15857889  52.20501156  013.15870865 102
112  52.20490303  013.15888454  52.20483899  013.15891039
111  52.20490303  013.15888454 102
111  52.20472639  013.15895842
112  52.20472639  013.15895842  52.20467338  013.15897696 102
112  52.20455253  013.15874268  52.20453612  013.15863352
111  52.20455253  013.15874268 102
111  52.20426464  013.15689066
112  52.20426464  013.15689066  52.20425383  013.15681658
112  52.20433025  013.15671315  52.20437461  013.15669575
111  52.20433025  013.15671315
111  52.20458868  013.15660745
114  52.20458868  013.15660745  52.20463466  013.15658914
111  52.20452988  013.15622356
112  52.20452988  013.15622356  52.20457499  013.15620608
112  52.20463500  013.15629527  52.20464663  013.15636628
112  52.20456321  013.15643725  52.20451477  013.15645665
111  52.20456321  013.15643725
111  52.20430473  013.15654268
112  52.20430473  013.15654268  52.20426066  013.15656170
112  52.20419985  013.15647275  52.20419003  013.15640237
112  52.20427234  013.15633041  52.20431806  013.15631135
113  52.20427234  013.15633041
111  52.20447100  013.15584272
112  52.20447100  013.15584272  52.20451329  013.15582525
112  52.20457526  013.15591207  52.20458543  013.15598195
112  52.20450298  013.15605252  52.20445909  013.15607087
111  52.20450298  013.15605252
111  52.20424477  013.15615892
112  52.20424477  013.15615892  52.20420089  013.15617861
112  52.20414262  013.15609643  52.20413128  013.15602543
112  52.20421248  013.15594913  52.20425490  013.15593243
113  52.20421248  013.15594913
111  52.20441030  013.15546024
112  52.20441030  013.15546024  52.20445582  013.15544477
112  52.20451680  013.15553106  52.20452723  013.15560225
112  52.20444433  013.15567284  52.20440071  013.15569141
111  52.20444433  013.15567284
111  52.20418588  013.15578053
112  52.20418588  013.15578053  52.20413467  013.15580065
112  52.20408234  013.15570722  52.20407286  013.15563449
112  52.20415383  013.15556525  52.20420220  013.15554513
113  52.20415383  013.15556525
111  52.20435239  013.15507610
112  52.20435239  013.15507610  52.20439994  013.15506099
112  52.20445633  013.15514560  52.20446771  013.15522142
112  52.20438324  013.15528915  52.20433962  013.15530772
111  52.20438324  013.15528915
111  52.20412569  013.15539333
112  52.20412569  013.15539333  52.20408301  013.15541190
112  52.20402309  013.15532429  52.20401171  013.15524691
112  52.20409389  013.15518201  52.20414131  013.15516035
113  52.20409389  013.15518201
111  52.20428963  013.15469645
112  52.20428963  013.15469645  52.20433894  013.15467788
112  52.20439462  013.15476505  52.20440600  013.15484087
112  52.20432625  013.15490710  52.20427978  013.15492567
111  52.20432625  013.15490710
111  52.20406574  013.15501583
112  52.20406574  013.15501583  52.20402212  013.15503286
112  52.20396529  013.15494406  52.20395391  013.15487597
112  52.20403606  013.15480455  52.20408348  013.15478598
113  52.20403606  013.15480455
111  52.20417258  013.15393844
112  52.20417258  013.15393844  52.20421810  013.15392142
112  52.20427947  013.15400435  52.20429180  013.15408173
112  52.20420667  013.15414126  52.20416589  013.15415828
111  52.20420667  013.15414126
111  52.20394900  013.15424567
112  52.20394900  013.15424567  52.20390158  013.15426424
112  52.20384492  013.15418527  52.20383544  013.15411564
112  52.20391614  013.15404299  52.20396451  013.15402443
113  52.20391614  013.15404299
111  52.20423264  013.15431212
112  52.20423264  013.15431212  52.20428006  013.15429355
112  52.20433713  013.15438418  52.20434851  013.15445846
112  52.20426728  013.15452582  52.20421986  013.15454593
111  52.20426728  013.15452582
111  52.20400783  013.15463264
112  52.20400783  013.15463264  52.20396136  013.15465121
112  52.20390337  013.15456095  52.20389199  013.15448668
112  52.20397419  013.15441672  52.20402066  013.15439660
113  52.20397419  013.15441672
111  52.20416315  013.15326203
111  52.20420901  013.15356531
112  52.20420901  013.15356531  52.20422229  013.15364733
112  52.20414483  013.15376581  52.20409456  013.15378592
111  52.20414483  013.15376581
111  52.20405366  013.15380682
111  52.20392867  013.15373308
111  52.20390593  013.15358065
113  52.20396328  013.15334634
110 1 0.00 301.0000 Taxiway_B
111  52.20358041  013.15310909
112  52.20358041  013.15310909  52.20358902  013.15319919 102
112  52.20358233  013.15328849  52.20355834  013.15335147
111  52.20358233  013.15328849 102
111  52.20332054  013.15398156
112  52.20332054  013.15398156  52.20327700  013.15409923 102
112  52.20313183  013.15406240  52.20306329  013.15401980
111  52.20313183  013.15406240
112  52.20313183  013.15406240  52.20309511  013.15403711 102
112  52.20304353  013.15392689  52.20302699  013.15386209
111  52.20304353  013.15392689
111  52.20319157  013.15488923 102
112  52.20321040  013.15458759  52.20325188  013.15447108
111  52.20321040  013.15458759 102
111  52.20345419  013.15392508
112  52.20345419  013.15392508  52.20349177  013.15382522 102
112  52.20371902  013.15399724  52.20377857  013.15418846
113  52.20371902  013.15399724
110 1 0.00 345.7500 Taxiway_C
111  52.20439551  013.15924900
112  52.20439551  013.15924900  52.20444569  013.15923004 102
112  52.20455672  013.15939978  52.20458656  013.15952352
111  52.20455672  013.15939978
111  52.20447817  013.15887248
112  52.20447817  013.15887248  52.20448168  013.15897390 102
112  52.20437183  013.15910736  52.20433124  013.15912335
111  52.20437183  013.15910736 102
111  52.20405623  013.15923441
112  52.20405623  013.15923441  52.20394039  013.15928108 102
112  52.20385228  013.15910468  52.20383157  013.15903827
111  52.20385228  013.15910468
111  52.20394427  013.15971709
112  52.20394427  013.15971709  52.20394006  013.15962936 102
112  52.20407367  013.15938505  52.20420946  013.15932381
113  52.20407367  013.15938505 102
110 1 0.00 301.0000 Taxiway_D
111  52.20521202  013.16603377
112  52.20521202  013.16603377  52.20512227  013.16627914 102
112  52.20491759  013.16595552  52.20488246  013.16579219
111  52.20491759  013.16595552
111  52.20504378  013.16678343 102
111  52.20529206  013.16611949 102
111  52.20532524  013.16603720 102
112  52.20539736  013.16593015  52.20540902  013.16592437 102
112  52.20549743  013.16591865  52.20551111  013.16592361 102
111  52.20557798  013.16597722
111  52.20544603  013.16511818
112  52.20544603  013.16511818  52.20546374  013.16527327 102
114  52.20544397  013.16540682  52.20542641  013.16547205 102
110 1 0.00 173.0000 Taxiway_F
111  52.20365612  013.14942581 102
112  52.20355854  013.14940130  52.20352590  013.14939767 102
111  52.20335755  013.14942564
111  52.20313726  013.14947532 102
111  52.20285710  013.14953380
112  52.20285710  013.14953380  52.20296173  013.14951572
112  52.20316075  013.14982230  52.20321624  013.15002322
111  52.20316075  013.14982230
112  52.20316075  013.14982230  52.20315187  013.14973583 102
112  52.20318091  013.14967105  52.20319129  013.14963474 102
112  52.20323597  013.14960867  52.20327009  013.14959657
111  52.20323597  013.14960867 102
111  52.20348473  013.14954999
112  52.20348473  013.14954999  52.20353681  013.14954070 102
112  52.20365757  013.14959246  52.20371775  013.14963161 102
111  52.20379318  013.14968882
112  52.20379318  013.14968882  52.20384581  013.14973366 102
112  52.20384030  013.14992893  52.20382992  013.15001849
111  52.20384030  013.14992893
111  52.20399886  013.14952239 102
112  52.20382253  013.14954852  52.20376681  013.14950323
113  52.20382253  013.14954852 102
110 2 0.00 83.3000 Taxiway F bypass
111  52.20313726  013.14947532
111  52.20335755  013.14942564
111  52.20333696  013.14915829
113  52.20311477  013.14919728
130 Airport Boundary
111  52.20084241  013.14715629
111  52.20101363  013.14876573
111  52.20106912  013.14906312
111  52.20437292  013.17106682
111  52.20562040  013.17253526
111  52.20602162  013.17235158
111  52.20609761  013.17170706
111  52.20603782  013.17080614
111  52.20616444  013.17049852
111  52.20615788  013.17018160
111  52.20636764  013.16953329
111  52.20603195  013.16742246
111  52.20604202  013.16726753
111  52.20678267  013.16451620
111  52.20910360  013.15903639
111  52.21055309  013.15347612
111  52.21109697  013.15076772
111  52.21076192  013.14924148
111  52.20981922  013.14925548
111  52.20986696  013.14840592
111  52.20836287  013.14907359
111  52.20666344  013.14978635
111  52.20651707  013.14877181
111  52.20561257  013.14880935
111  52.20532859  013.14948757
111  52.20454627  013.14873572
111  52.20400438  013.14873445
111  52.20363543  013.14825418
111  52.20331928  013.14632472
111  52.20203525  013.14556334
111  52.20138808  013.14578621
113  52.20096388  013.14630253
120 A_rwy_hold
111  52.20267839  013.14977109 4
115  52.20265530  013.14962028
120 B_rwy_hold
111  52.20341605  013.15402633 4
115  52.20333557  013.15394560
120 C_rwy_hold
111  52.20416087  013.15934713 4
115  52.20413840  013.15920178
120 D_rwy_hold
111  52.20598264  013.17029099 4
115  52.20589996  013.17020855
120 X_rwy_hold
111  52.20996324  013.15357192 4
115  52.20987879  013.15346541
120 X_rwy_hold
111  52.20529032  013.16611786 4
115  52.20521343  013.16603560
120 12_30_1_rwy_hold
111  52.20537611  013.16465551 4
115  52.20546590  013.16461716
120 12_30_2_rwy_hold
111  52.20500412  013.16165315 4
115  52.20491441  013.16169157
120 line
112  52.20451713  013.15246632  52.20453291  013.15242441 1 101
112  52.20453282  013.15236938  52.20453304  013.15233973
111  52.20453282  013.15236938 1 101
115  52.20453311  013.15235154
120 line
112  52.20431922  013.15278894  52.20434078  013.15278005 1 101
112  52.20436018  013.15272813  52.20436203  013.15271268
111  52.20436018  013.15272813 1 101
115  52.20436146  013.15271727
120 Linear Feature 2
111  52.20421812  013.15053207 1
115  52.20422255  013.15056038
120 Linear Feature 1
111  52.20426382  013.15052799 1
115  52.20422033  013.15054608
120 Linear Feature 2
111  52.20424910  013.15073129 1
115  52.20425353  013.15075960
120 Linear Feature 1
111  52.20429480  013.15072721 1
115  52.20425131  013.15074530
120 Linear Feature 2
111  52.20428005  013.15093024 1
115  52.20428448  013.15095855
120 Linear Feature 1
111  52.20432575  013.15092616 1
115  52.20428226  013.15094425
120 Linear Feature 2
111  52.20431104  013.15112921 1
115  52.20431547  013.15115752
120 Linear Feature 1
111  52.20435674  013.15112513 1
115  52.20431325  013.15114322
120 Linear Feature 2
111  52.20434212  013.15132857 1
115  52.20434655  013.15135688
120 Linear Feature 1
111  52.20438782  013.15132449 1
115  52.20434433  013.15134258
120 Linear Feature 2
111  52.20437300  013.15152772 1
115  52.20437743  013.15155603
120 Linear Feature 1
111  52.20441870  013.15152364 1
115  52.20437521  013.15154173
120 Linear Feature 2
111  52.20440424  013.15172721 1
115  52.20440868  013.15175552
120 Linear Feature 1
111  52.20444996  013.15172313 1
115  52.20440645  013.15174122
120 Linear Feature 2
111  52.20443523  013.15192670 1
115  52.20443966  013.15195501
120 Linear Feature 1
111  52.20448093  013.15192262 1
115  52.20443744  013.15194071
120 Linear Feature 2
111  52.20411363  013.15163484 1
115  52.20411806  013.15166315
120 Linear Feature 1
111  52.20415933  013.15163076 1
115  52.20411584  013.15164884
120 Linear Feature 2
111  52.20414525  013.15183477 1
115  52.20414968  013.15186308
120 Linear Feature 1
111  52.20419095  013.15183069 1
115  52.20414746  013.15184878
120 Linear Feature 2
111  52.20417621  013.15203410 1
115  52.20418064  013.15206241
120 Linear Feature 1
111  52.20422191  013.15203002 1
115  52.20417842  013.15204810
120 Linear Feature 2
111  52.20420722  013.15223329 1
115  52.20421167  013.15226159
120 Linear Feature 1
111  52.20425293  013.15222921 1
115  52.20420944  013.15224729
120 Linear Feature 28
111  52.20377695  013.15080026 20
111  52.20377736  013.15118740 20
111  52.20365432  013.15117449 20
113  52.20365370  013.15080332 20
120 Linear Feature 8
111  52.20990117  013.15356022 1
115  52.20926806  013.15503358
120 Linear Feature 7
111  52.20994239  013.15346428 1
111  52.21011937  013.15305242 1
111  52.21013686  013.15299772 1
111  52.21023155  013.15246498
112  52.21023155  013.15246498  52.21024759  013.15238685 1
112  52.21019338  013.15205713  52.21014699  013.15195601
111  52.21019338  013.15205713 1
115  52.21006942  013.15179667
120 Linear Feature 6
112  52.20368157  013.15315095  52.20365690  013.15321831 1 101
116  52.20366852  013.15335681  52.20367919  013.15342692
120 Linear Feature 5
112  52.20469222  013.15633170  52.20469986  013.15637732 1
116  52.20460010  013.15650592  52.20453805  013.15653194
120 Linear Feature 5
112  52.20463209  013.15594597  52.20464367  013.15601943 1
116  52.20454269  013.15612839  52.20449055  013.15614775
120 Linear Feature 5
112  52.20457308  013.15556723  52.20458203  013.15562891 1
116  52.20448216  013.15574508  52.20443197  013.15576414
120 Linear Feature 5
112  52.20451303  013.15518197  52.20452526  013.15526078 1
116  52.20442283  013.15535774  52.20438184  013.15537321
120 Linear Feature 5
112  52.20445445  013.15480231  52.20446521  013.15488111 1
116  52.20436423  013.15498262  52.20431267  013.15500095
120 Linear Feature 5
112  52.20439468  013.15442033  52.20440839  013.15450877 1
116  52.20430456  013.15459432  52.20425493  013.15461292
120 Linear Feature 5
112  52.20433517  013.15403938  52.20434740  013.15411616 1
116  52.20424251  013.15421528  52.20420109  013.15423442
120 Linear Feature 5
112  52.20420739  013.15682434  52.20419301  013.15673092 1
116  52.20429187  013.15663932  52.20433579  013.15662055
120 Linear Feature 5
112  52.20414986  013.15645414  52.20413460  013.15635643 1
116  52.20422977  013.15625612  52.20427369  013.15623735
120 Linear Feature 5
112  52.20408710  013.15605026  52.20407600  013.15597455 1
116  52.20416312  013.15587582  52.20420607  013.15586019
120 Linear Feature 5
112  52.20402914  013.15567731  52.20401423  013.15558044 1
116  52.20411242  013.15548859  52.20415634  013.15546982
120 Linear Feature 5
112  52.20396968  013.15529468  52.20395369  013.15519361 1
116  52.20405217  013.15510972  52.20409175  013.15509344
120 Linear Feature 5
112  52.20390975  013.15490905  52.20389742  013.15482937 1
116  52.20399462  013.15472646  52.20403758  013.15471082
120 Linear Feature 5
112  52.20384811  013.15451239  52.20383714  013.15444146 1
116  52.20393371  013.15433971  52.20397850  013.15432094
120 Linear Feature 5
112  52.20379072  013.15414310  52.20377218  013.15402062 1
116  52.20387431  013.15395595  52.20391840  013.15393883
120 Linear Feature 5
112  52.20427012  013.15362336  52.20428235  013.15371180 1
116  52.20418842  013.15383619  52.20413606  013.15385473
120 Linear Feature 18
112  52.20431723  013.15392504  52.20430702  013.15385715 1
112  52.20418842  013.15383619  52.20413606  013.15385473
111  52.20418842  013.15383619 1
111  52.20387431  013.15395595
112  52.20387431  013.15395595  52.20383022  013.15397307 1
116  52.20374366  013.15384031  52.20372818  013.15374117
120 Linear Feature 18
112  52.20437660  013.15430502  52.20436282  013.15422315 1
112  52.20424251  013.15421528  52.20420109  013.15423442
111  52.20424251  013.15421528 1
111  52.20393371  013.15433971
112  52.20393371  013.15433971  52.20388892  013.15435848 1
116  52.20380491  013.15423440  52.20379121  013.15414659
120 Linear Feature 18
112  52.20443673  013.15468847  52.20442480  013.15460934 1
112  52.20430456  013.15459432  52.20425493  013.15461292
111  52.20430456  013.15459432 1
111  52.20399462  013.15472646
112  52.20399462  013.15472646  52.20395167  013.15474209 1
116  52.20386224  013.15460331  52.20384626  013.15450052
120 Linear Feature 18
112  52.20449555  013.15506873  52.20448012  013.15496751 1
112  52.20436423  013.15498262  52.20431267  013.15500095
111  52.20436423  013.15498262 1
111  52.20405217  013.15510972
112  52.20405217  013.15510972  52.20401259  013.15512600 1
116  52.20392256  013.15499150  52.20390722  013.15489467
120 Linear Feature 18
112  52.20455544  013.15545408  52.20453877  013.15534645 1
112  52.20442283  013.15535774  52.20438184  013.15537321
111  52.20442283  013.15535774 1
111  52.20411242  013.15548859
112  52.20411242  013.15548859  52.20406851  013.15550736 1
116  52.20398440  013.15538938  52.20397201  013.15530855
120 Linear Feature 18
112  52.20461425  013.15583250  52.20460012  013.15574256 1
112  52.20448216  013.15574508  52.20443197  013.15576414
111  52.20448216  013.15574508 1
111  52.20416312  013.15587582
112  52.20416312  013.15587582  52.20412016  013.15589146 1
116  52.20404158  013.15575732  52.20402576  013.15565446
120 Linear Feature 18
112  52.20467446  013.15621776  52.20466113  013.15612716 1
112  52.20454269  013.15612839  52.20449055  013.15614775
111  52.20454269  013.15612839 1
111  52.20422977  013.15625612
112  52.20422977  013.15625612  52.20418585  013.15627489 1
116  52.20410183  013.15614503  52.20408884  013.15606062
120 Linear Feature 15
112  52.20473341  013.15659590  52.20472098  013.15651214 1
112  52.20460010  013.15650592  52.20453805  013.15653194
111  52.20460010  013.15650592 1
111  52.20429187  013.15663932
112  52.20429187  013.15663932  52.20424715  013.15665825 1
116  52.20416091  013.15652522  52.20414916  013.15644876
120 Linear Feature 2
112  52.20385110  013.14965598  52.20392899  013.14972975 1 101
116  52.20404611  013.14968125  52.20408656  013.14962719
120 Linear Feature 10
111  52.20286036  013.14961405 1 101
111  52.20346003  013.14948273
112  52.20346003  013.14948273  52.20352526  013.14946857 1 101
112  52.20364962  013.14950684  52.20369160  013.14952995 1 101
112  52.20385110  013.14965598  52.20392899  013.14972975 1 101
116  52.20392725  013.14999521  52.20389492  013.15009031
120 Linear Feature 5
111  52.20411317  013.15260755 1
111  52.20413019  013.15271918
112  52.20413019  013.15271918  52.20414004  013.15278069 1
116  52.20406760  013.15289334  52.20403081  013.15290797
120 Linear Feature 5
111  52.20393693  013.15267389 1
111  52.20395980  013.15282724
112  52.20395980  013.15282724  52.20396920  013.15288032 1
116  52.20391994  013.15295456  52.20389036  013.15296711
120 Linear Feature 2
111  52.20380238  013.15181188 1
111  52.20377233  013.15160060
112  52.20377233  013.15160060  52.20376482  013.15155390 1
116  52.20370577  013.15153799  52.20367722  013.15154887
120 Linear Feature 2
111  52.20398011  013.15174379 1
111  52.20394984  013.15154951
112  52.20394984  013.15154951  52.20394234  013.15150281 1
116  52.20388169  013.15146795  52.20384363  013.15148265
120 Linear Feature 1
112  52.20359043  013.15158411  52.20355386  013.15159862 1 101
112  52.20344448  013.15154212  52.20339098  013.15148081 1 101
116  52.20333852  013.15123325  52.20332045  013.15111422
120 Linear Feature 3
112  52.20508080  013.15048026  52.20515380  013.15055078 1 101
116  52.20514398  013.15073868  52.20513057  013.15077530
120 Linear Feature 1
112  52.20524576  013.15057329  52.20519921  013.15059260 1
112  52.20508080  013.15048026  52.20502675  013.15042636
111  52.20508080  013.15048026 1 101
111  52.20422792  013.14965571
112  52.20422792  013.14965571  52.20415407  013.14957909 1 101
112  52.20404611  013.14968125  52.20402509  013.14973618
111  52.20404611  013.14968125 1 101
111  52.20392725  013.14999521 1 101
111  52.20385052  013.15022398
112  52.20385052  013.15022398  52.20383856  013.15025740 1 101
112  52.20384228  013.15031808  52.20384932  013.15035580
111  52.20384228  013.15031808 1 101
111  52.20399116  013.15129902
112  52.20399116  013.15129902  52.20400770  013.15139586 1 101
112  52.20395266  013.15143975  52.20390247  013.15145956
111  52.20395266  013.15143975 1 101
111  52.20388169  013.15146795 1 101
111  52.20370577  013.15153799 1 101
111  52.20359043  013.15158411
112  52.20359043  013.15158411  52.20354970  013.15160035 1 101
112  52.20345937  013.15173115  52.20343917  013.15181759 1 101
116  52.20346433  013.15204283  52.20347871  013.15213541
120 Linear Feature
112  52.20381477  013.15299783  52.20371374  013.15303962 1 101
116  52.20357591  013.15276087  52.20355024  013.15259836
120 Linear Feature 9
112  52.20521870  013.16333191  52.20524201  013.16348125 1
112  52.20530883  013.16352755  52.20533787  013.16354244 1
116  52.20543443  013.16350285  52.20545783  013.16344738
120 Linear Feature 8
111  52.20550626  013.16333273 1
111  52.20543443  013.16350285 1
111  52.20533656  013.16373466
112  52.20533656  013.16373466  52.20531708  013.16378199 1
116  52.20532037  013.16398617  52.20534045  013.16411542
120 Linear Feature 7
111  52.20524752  013.16608985 1 101
111  52.20520380  013.16620657
112  52.20520380  013.16620657  52.20515519  013.16633561 1 101
112  52.20499755  013.16634000  52.20494984  013.16632167 1 101
112  52.20485031  013.16611344  52.20482726  013.16596519 1 101
115  52.20474008  013.16540571
120 Linear Feature 7
112  52.20551013  013.16520726  52.20553391  013.16536026 1 101
112  52.20543625  013.16558608  52.20540724  013.16566510
111  52.20543625  013.16558608 1 101
115  52.20525729  013.16606378
120 Linear Feature 2
112  52.20401345  013.15932957  52.20394543  013.15935530 1 101
112  52.20387640  013.15949044  52.20385729  013.15955766 1 101
112  52.20386020  013.15975203  52.20387601  013.15985245
111  52.20386020  013.15975203 1 101
115  52.20399801  013.16063867
120 Linear Feature 9
112  52.20424052  013.15282102  52.20419303  013.15284027 1 101
116  52.20417184  013.15298856  52.20417740  013.15303261
120 Linear Feature 13
111  52.20361864  013.15819857 1 101
111  52.20375270  013.15906043
112  52.20375270  013.15906043  52.20377698  013.15920318 1 101
112  52.20384941  013.15930175  52.20388855  013.15933707 1 101
112  52.20401345  013.15932957  52.20407227  013.15931342
111  52.20401345  013.15932957 1 101
115  52.20414145  013.15927820
120 Linear Feature 1
111  52.20415932  013.15927103 1 101
111  52.20440024  013.15917433 1 101
111  52.20446962  013.15915625 1 101
111  52.20456722  013.15913975 1 101
111  52.20473290  013.15911061 1 101
111  52.20479006  013.15909839 1 101
111  52.20492232  013.15904291
112  52.20492232  013.15904291  52.20495929  013.15902835 1 101
112  52.20504125  013.15887682  52.20506522  013.15878081 1 101
112  52.20504830  013.15861589  52.20503718  013.15854579
111  52.20504830  013.15861589 1 101
111  52.20473341  013.15659590 1 101
111  52.20469222  013.15633170 1 101
111  52.20467446  013.15621776 1 101
111  52.20463209  013.15594597 1 101
111  52.20461425  013.15583250 1 101
111  52.20457308  013.15556723 1 101
111  52.20455544  013.15545408 1 101
111  52.20451303  013.15518197 1 101
111  52.20449555  013.15506873 1 101
111  52.20445445  013.15480231 1 101
111  52.20443673  013.15468847 1 101
111  52.20439468  013.15442033 1 101
111  52.20437660  013.15430502 1 101
111  52.20433517  013.15403938 1 101
111  52.20431723  013.15392504 1 101
111  52.20427012  013.15362336 1 101
111  52.20417184  013.15298856 1 101
115  52.20413019  013.15271918
120 Linear Feature 4
112  52.20342048  013.15386227  52.20344713  013.15378954 1 101
112  52.20360568  013.15376566  52.20366626  013.15378304 1 101
116  52.20376792  013.15399640  52.20379141  013.15414640
120 Linear Feature 12
111  52.20337051  013.15399843 1 101
111  52.20316743  013.15455171
112  52.20316743  013.15455171  52.20313103  013.15464983 1 101
112  52.20310761  013.15492129  52.20313180  013.15508111
111  52.20310761  013.15492129 1 101
115  52.20319366  013.15547357
120 Linear Feature 1
111  52.20337991  013.15397282 1 101
111  52.20342048  013.15386227 1 101
111  52.20368157  013.15315095
112  52.20368157  013.15315095  52.20370623  013.15308358 1 101
112  52.20381477  013.15299783  52.20391581  013.15295604
111  52.20381477  013.15299783 1 101
111  52.20391994  013.15295456 1 101
111  52.20406760  013.15289334 1 101
111  52.20424052  013.15282102 1 101
111  52.20431922  013.15278894 1 101
111  52.20436342  013.15277093
112  52.20436342  013.15277093  52.20440569  013.15275349 1 101
112  52.20447069  013.15259352  52.20449619  013.15252116
111  52.20447069  013.15259352 1 101
111  52.20451713  013.15246632 1 101
111  52.20514398  013.15073868 1
112  52.20517310  013.15066185  52.20518198  013.15063974 1
112  52.20524576  013.15057329  52.20527800  013.15056079
111  52.20524576  013.15057329 1
111  52.20577001  013.15034996
112  52.20577001  013.15034996  52.20585249  013.15031883 1
112  52.20592822  013.15036738  52.20597993  013.15041400
111  52.20592822  013.15036738 1
115  52.20666746  013.15108027
120 Linear Feature 11
111  52.20249674  013.15099019 1 101
111  52.20237616  013.15021615
112  52.20237616  013.15021615  52.20234333  013.15000786 1 101
112  52.20241729  013.14987009  52.20244357  013.14980999 1 101
112  52.20256224  013.14973652  52.20263879  013.14970486
111  52.20256224  013.14973652 1 101
115  52.20265755  013.14969723
120 Linear Feature 14
111  52.20593600  013.17026105 1 101
111  52.20580770  013.17060444
112  52.20580770  013.17060444  52.20578661  013.17066401 1 101
112  52.20573471  013.17073860  52.20570123  013.17076335 1 101
112  52.20562457  013.17074706  52.20558957  013.17072563 1 101
112  52.20554869  013.17060366  52.20553494  013.17051542
111  52.20554869  013.17060366 1 101
115  52.20550291  013.17030960
120 Linear Feature 15
111  52.20542477  013.16465767 1 101
111  52.20551013  013.16520726 1 101
111  52.20614853  013.16931522
112  52.20614853  013.16931522  52.20615593  013.16936253 1 101
112  52.20617494  013.16952167  52.20617516  013.16956678 1 101
112  52.20615623  013.16967163  52.20614186  013.16971625
111  52.20615623  013.16967163 1 101
115  52.20594543  013.17023581
120 Linear Feature 16
111  52.20496395  013.16169266 1 101
111  52.20521870  013.16333191 1 101
111  52.20532037  013.16398617 1 101
115  52.20541838  013.16461566
120 Linear Feature 5
111  52.20267518  013.14968988 1 101
111  52.20286036  013.14961405
112  52.20286036  013.14961405  52.20296682  013.14959377 1 101
112  52.20304772  013.14969980  52.20306858  013.14972448 1 101
112  52.20313280  013.14990949  52.20315076  013.15001764
111  52.20313280  013.14990949 1 101
111  52.20333852  013.15123325 1 101
111  52.20346433  013.15204283 1 101
111  52.20357591  013.15276087 1 101
111  52.20366852  013.15335681 1 101
111  52.20374366  013.15384031 1 101
111  52.20376792  013.15399640 1 101
111  52.20379072  013.15414310 1 101
111  52.20380491  013.15423440 1 101
111  52.20384811  013.15451239 1 101
111  52.20386224  013.15460331 1 101
111  52.20390975  013.15490905 1 101
111  52.20392256  013.15499150 1 101
111  52.20396968  013.15529468 1 101
111  52.20398440  013.15538938 1 101
111  52.20402914  013.15567731 1 101
111  52.20404158  013.15575732 1 101
111  52.20408710  013.15605026 1 101
111  52.20410183  013.15614503 1 101
111  52.20414986  013.15645414 1 101
111  52.20416091  013.15652522 1 101
111  52.20420739  013.15682434 1 101
111  52.20451400  013.15879730 1 101
111  52.20460415  013.15937740 1 101
111  52.20462975  013.15954214 1 101
115  52.20495781  013.16165312
120 Linear Feature 6
112  52.20451400  013.15879730  52.20452946  013.15889698 1 101
112  52.20461729  013.15901787  52.20467025  013.15907207 1 101
116  52.20479006  013.15909839  52.20485720  013.15908714
120 Linear Feature 5
112  52.20462975  013.15954214  52.20461743  013.15946242 1 101
112  52.20467253  013.15927356  52.20470092  013.15920831 1 101
116  52.20479006  013.15909839  52.20483427  013.15908057
120 Linear Feature 4
112  52.20440024  013.15917433  52.20445193  013.15914180 1 101
112  52.20449919  013.15903292  52.20450809  013.15900007 1 101
116  52.20451400  013.15879730  52.20449299  013.15866097
120 Linear Feature 3
112  52.20440024  013.15917433  52.20444533  013.15916729 1 101
112  52.20451629  013.15921222  52.20453355  013.15922985 1 101
116  52.20460415  013.15937740  52.20461730  013.15946242
120 Linear Feature 3
111  52.20432567  013.15659435 1
115  52.20433444  013.15665075
120 Linear Feature 3
111  52.20426585  013.15621166 1
115  52.20427462  013.15626805
120 Linear Feature 3
111  52.20420644  013.15582787 1
115  52.20421521  013.15588427
120 Linear Feature 3
111  52.20414634  013.15544378 1
115  52.20415511  013.15550017
120 Linear Feature 3
111  52.20408767  013.15506435 1
115  52.20409644  013.15512075
120 Linear Feature 3
111  52.20402783  013.15468015 1
115  52.20403660  013.15473654
120 Linear Feature 3
111  52.20396799  013.15429489 1
115  52.20397676  013.15435128
120 Linear Feature 3
111  52.20390859  013.15391374 1
115  52.20391736  013.15397014
21  52.20494400  013.16492200 3 255.7500 3.50 07  PAPI-4R
21  52.20314000  013.15335100 2 75.7500 3.50 25  PAPI-4L
20  52.20271504  013.15000900 154.6600 0 2 {@Y}{^l}1510M{@L}A{@R}07
20  52.20354332  013.15417503 113.2300 0 2 {@Y}{^l}1110M{@L}B{@R}25-07
20  52.20420015  013.15957415 157.2400 0 2 {@L}C{@R}25-07
20  52.20541223  013.16625602 112.8000 0 2 {@Y}1250M{^r}{@L}D{@R}25
20  52.20607724  013.17050228 110.4500 0 2 {@Y}1550M{^r}{@L}A{@R}25
20  52.20295965  013.14920220 255.9200 0 2 {@Y}{^l}07{@L}A{@Y}F{^r}
20  52.20320850  013.15161469 165.7500 0 2 {@Y}{^l}25{@L}A{@Y}07{^r}
20  52.20345311  013.15313244 165.7800 0 2 {@Y}{^l}25|A|07{^r}
20  52.20586997  013.16632822 68.9600 0 2 {@L}A
20  52.20443395  013.15950629 153.9000 0 2 {@Y}{^l}25{@L}A{@Y}07{^r}
20  52.20448035  013.15378863 65.3600 0 2 {@Y}E{^u}
20  52.20464328  013.15882125 347.3700 0 2 {@Y}E{@@}E
20  52.20382830  013.14942098 215.1500 0 2 {@Y}{^u}F
20  52.20368332  013.15258171 257.8600 0 2 {@Y}APRON{^r}{@@}{^l}APRON
20  52.20480793  013.15947835 61.7600 0 2 {@L}A{@@}A
20  52.20361124  013.15420623 90.0000 0 2 {@L}A
20  52.20574639  013.17018945 287.8100 0 2 {@L}A
20  52.20566853  013.16983487 57.1800 0 2 {@Y}{^l}A
20  52.20265137  013.15043507 270.0000 0 2 {@Y}A{^r}
20  52.20339275  013.15521836 270.0000 0 2 {@Y}B{^r}
20  52.20413117  013.15996605 270.0000 0 2 {@Y}C{^r}
20  52.20392947  013.15867685 56.0000 0 2 {@Y}{^l}C
20  52.20501071  013.16559470 56.0000 0 2 {@Y}{^l}D
20  52.20508165  013.16593807 290.1900 0 2 {@Y}{^lu}RAMP{@L}D
20  52.20260842  013.14939525 -28.5700 0 3 {@Y}RAMP{^u}{@L}A
20  52.20409648  013.15895433 335.1200 0 2 {@Y}RAMP{^u}|{^l}A{^r}{@L}C
20  52.20319985  013.15386007 291.2500 0 3 {@Y}RAMP{^u}{@L}B
20  52.20522779  013.16458460 243.3700 0 2 {@L}A
14  52.20479874  013.15236057  52.49 0 ATC Tower
1300  52.20423698  013.15053916 165.75 tie_down props Front of Tower
1301 A general_aviation 
1300  52.20426721  013.15073869 165.75 tie_down props Front of Tower
1301 A general_aviation 
1300  52.20429818  013.15093761 165.75 tie_down props Front of Tower
1301 A general_aviation 
1300  52.20432916  013.15113658 165.75 tie_down props Front of Tower
1301 A general_aviation 
1300  52.20436027  013.15133594 165.75 tie_down props Front of Tower
1301 A general_aviation 
1300  52.20439107  013.15153512 165.75 tie_down props Front of Tower
1301 A general_aviation 
1300  52.20442239  013.15173458 165.75 tie_down props Front of Tower
1301 A general_aviation 
1300  52.20445330  013.15193414 165.75 tie_down props Front of Tower
1301 A general_aviation 
1300  52.20413134  013.15164229 165.75 tie_down props Front of Tower
1301 A general_aviation 
1300  52.20416231  013.15184245 165.75 tie_down props Front of Tower
1301 A general_aviation 
1300  52.20419332  013.15204176 165.75 tie_down props Front of Tower
1301 A general_aviation 
1300  52.20422421  013.15224101 165.75 tie_down props Front of Tower
1301 A general_aviation 
1300  52.20395300  013.15392592 165.75 tie_down jets|turboprops|props|helos Right of Tower
1301 B general_aviation 
1300  52.20401215  013.15430801 165.75 tie_down jets|turboprops|props Right of Tower
1301 B general_aviation 
1300  52.20407151  013.15469279 165.75 tie_down jets|turboprops|props Right of Tower
1301 B general_aviation 
1300  52.20413065  013.15507798 165.75 tie_down jets|turboprops|props Right of Tower
1301 B general_aviation 
1300  52.20418911  013.15545571 165.75 tie_down jets|turboprops|props Right of Tower
1301 B general_aviation 
1300  52.20424857  013.15584086 165.75 tie_down jets|turboprops|props Right of Tower
1301 B general_aviation 
1300  52.20430758  013.15622423 165.75 tie_down jets|turboprops|props Right of Tower
1301 B general_aviation 
1300  52.20436638  013.15660593 165.75 tie_down jets|turboprops|props Right of Tower
1301 B general_aviation 
1300  52.20618053  013.14980748 -194.63 tie_down turboprops|props New Hangars
1301 A general_aviation 
1300  52.20639195  013.15109042  -0.18 tie_down turboprops|props New Hangars
1301 A general_aviation 
1300  52.20763035  013.15090413 165.34 tie_down turboprops|props New Hangars
1301 A general_aviation 
1300  52.21042452  013.15204197 106.99 tie_down props Old Hangars
1301 A general_aviation 
19  52.20334589  013.15237959 1 WS
19  52.20552077  013.16684487 1 WS
1054 122700 INFO
1056 133000 Departure
1000 ATC East Flow 
1001 EDDB 345 165 999
1002 EDDB 0
1003 EDDB 0.0
1101 07 right
1110 07 133000 arrivals|departures jets|turboprops|props|helos 000000 165165 Runway 07 Use
1000 ATC West Flow 
1002 EDDB 0
1003 EDDB 0.0
1101 25 left
1110 25 133000 arrivals|departures jets|turboprops|props|helos 000000 165165 Runway 25 Use
1200 
1201  52.20411277  013.15207516 both 0 _stop
1201  52.20414380  013.15227478 both 1 _stop
1201  52.20408172  013.15187607 both 2 _stop
1201  52.20417087  013.15926545 both 3 C_stop
1201  52.20440024  013.15917433 both 4 C_stop
1201  52.20505420  013.15865871 both 5 E_stop
1201  52.20415159  013.15285799 both 6 E_start
1201  52.20422952  013.15282551 both 7 E_start
1201  52.20435231  013.15277525 both 8 E_split
1201  52.20456745  013.15913966 both 9 E_stop
1201  52.20504896  013.15888471 both 10 E_stop
1201  52.20495929  013.15902835 both 11 E_split
1201  52.20479006  013.15909839 both 12 E_split
1201  52.20429695  013.15379428 both 13 E_split
1201  52.20376800  013.15399636 both 14 _split
1201  52.20435530  013.15416897 both 15 E_split
1201  52.20382824  013.15438262 both 16 _split
1201  52.20441404  013.15454712 both 17 E_split
1201  52.20388869  013.15477149 both 18 _split
1201  52.20447553  013.15493863 both 19 E_split
1201  52.20394770  013.15515244 both 20 _split
1201  52.20453305  013.15531129 both 21 E_split
1201  52.20400679  013.15553307 both 22 _split
1201  52.20459371  013.15569967 both 23 E_split
1201  52.20406612  013.15591536 both 24 _split
1201  52.20465313  013.15608261 both 25 E_split
1201  52.20412570  013.15629922 both 26 _split
1201  52.20471167  013.15645694 both 27 E_split
1201  52.20418609  013.15668664 both 28 _split
1201  52.20542158  013.16463672 both 29 A_stop
1201  52.20550109  013.16514789 both 30 A_stop
1201  52.20549714  013.16542522 both 31 A_stop
1201  52.20615274  013.16934204 both 32 A_split
1201  52.20617483  013.16952033 both 33 A_split
1201  52.20615083  013.16968589 both 34 A_split
1201  52.20594577  013.17023614 both 35 A_split
1201  52.20286036  013.14961405 both 36 A_split
1201  52.20267518  013.14968988 both 37 A_split
1201  52.20246231  013.14978336 both 38 A_split
1201  52.20496076  013.16167130 both 39 A_split
1201  52.20523328  013.16342537 both 40 A_split
1201  52.20529641  013.16383084 both 41 A_split
1201  52.20542344  013.16352863 both 42 A_split
1201  52.20550626  013.16333273 both 43 A_split
1201  52.20562744  013.16306470 both 44 A_split
1201  52.20911739  013.15532219 both 45 A_split
1201  52.20926806  013.15503358 both 46 A_split
1201  52.20340459  013.15165801 both 47 A_split
1201  52.20362493  013.15307490 both 48 A_split
1201  52.20364981  013.15323753 both 49 A_split
1201  52.20373561  013.15378855 both 50 A_split
1201  52.20346349  013.15374502 both 51 A_split
1201  52.20337513  013.15398607 both 52 A_split
1201  52.20364410  013.14950398 both 53 F_stop
1201  52.20377239  013.14958852 both 54 F_split
1201  52.20390636  013.14970546 both 55 F_start
1201  52.20352165  013.14946949 both 56 F_split
1201  52.20299663  013.14958462 both 57 A_split
1201  52.20312531  013.14986091 both 58 A_split
1201  52.20489230  013.16641668 both 59 D_stop
1201  52.20516815  013.16630223 both 60 D_stop
1201  52.20525239  013.16607729 both 61 D_stop
1201  52.20991876  013.15351586 both 62 D_stop
1201  52.20865163  013.15204279 both 63 _stop
1201  52.20909616  013.15186093 both 64 _stop
1201  52.20949873  013.15184136 both 65 _stop
1201  52.20987269  013.15165493 both 66 _stop
1201  52.20998643  013.15165141 both 67 _stop
1201  52.21008710  013.15016242 both 68 _stop
1201  52.21006942  013.15179667 both 69 _stop
1201  52.21020035  013.15207366 both 70 _stop
1201  52.21023893  013.15225410 both 71 _stop
1201  52.21023155  013.15246498 both 72 _stop
1201  52.21013686  013.15299772 both 73 _stop
1201  52.21011937  013.15305242 both 74 _stop
1201  52.20576623  013.17071515 both 75 _stop
1201  52.20401042  013.15141674 both 76 _stop
1201  52.20383417  013.15027449 both 77 _stop
1201  52.20416206  013.14959104 both 78 _stop
1201  52.20404611  013.14968125 both 79 _stop
1201  52.20399356  013.14981625 both 80 _stop
1201  52.20394535  013.14994767 both 81 _stop
1201  52.20586267  013.15032296 both 82 _stop
1201  52.20678266  013.15119327 both 83 _stop
1201  52.20749051  013.15091094 both 84 _stop
1201  52.20519782  013.15060468 both 85 _stop
1201  52.20429609  013.14972197 both 86 _stop
1201  52.20441622  013.15048667 both 87 _stop
1201  52.20444430  013.15066541 both 88 _stop
1201  52.20447549  013.15086397 both 89 _stop
1201  52.20450671  013.15106269 both 90 _stop
1201  52.20453809  013.15126247 both 91 _stop
1201  52.20456855  013.15145634 both 92 _stop
1201  52.20460065  013.15166065 both 93 _stop
1201  52.20464043  013.15191540 both 94 _stop
1201  52.20462786  013.15203984 both 95 _stop
1201  52.20441252  013.15275092 both 96 _stop
1201  52.20405053  013.15167610 both 97 _stop
1201  52.20442716  013.15231530 both 98 _split
1201  52.20440362  013.15216626 both 99 _split
1201  52.20437292  013.15196738 both 100 _split
1201  52.20434186  013.15176819 both 101 _split
1201  52.20431065  013.15156802 both 102 _split
1201  52.20427958  013.15136873 both 103 _split
1201  52.20398237  013.15021304 both 104 _split
1201  52.20427018  013.15130841 both 105 _stop
1201  52.20424864  013.15117027 both 106 _split
1201  52.20421757  013.15097099 both 107 _split
1201  52.20418657  013.15077220 both 108 _split
1201  52.20415553  013.15057311 both 109 _split
1201  52.20454088  013.15239885 both 110 _split
1201  52.20372372  013.15303530 both 111 _stop
1201  52.20234304  013.15004544 both 112 _start
1201  52.20308092  013.15478675 both 113 _start
1201  52.20380169  013.15941818 both 114 _start
1201  52.20552821  013.17051016 both 115 _start
1201  52.20557334  013.17078872 both 116 _start
1202 112 113 twoway runway 07/25
1204 departure 07,25
1204 arrival 07,25
1204 ils 07,25
1202 113 114 twoway runway 07/25
1204 departure 07,25
1204 arrival 07,25
1204 ils 07,25
1202 114 59 twoway runway 07/25
1204 departure 07,25
1204 arrival 07,25
1204 ils 07,25
1202 59 115 twoway runway 07/25
1204 departure 07,25
1204 arrival 07,25
1204 ils 07,25
1202 115 116 twoway taxiway_B None
1204 departure 07,25
1204 arrival 07,25
1204 ils 07,25
1202 44 45 twoway runway 12/30
1204 departure 12,30
1204 arrival 12,30
1204 ils 12,30
1202 98 8 oneway taxiway_A 
1202 45 46 twoway taxiway_B 
1204 departure 12,30
1204 arrival 12,30
1204 ils 12,30
1202 46 62 twoway taxiway_B 
1204 departure 12,30
1204 arrival 12,30
1202 64 63 twoway taxiway_B 
1202 65 64 twoway taxiway_B 
1202 66 65 twoway taxiway_B 
1202 1 7 twoway taxiway_A 
1202 0 2 twoway taxiway_A 
1202 1 0 twoway taxiway_A 
1202 2 97 twoway taxiway_A 
1202 97 76 oneway taxiway_A 
1202 67 66 twoway taxiway_B 
1202 69 67 twoway taxiway_B 
1202 69 68 twoway taxiway_B 
1202 70 69 twoway taxiway_B 
1202 71 70 twoway taxiway_B 
1202 72 71 twoway taxiway_B 
1202 73 72 twoway taxiway_B 
1202 74 73 twoway taxiway_B 
1202 62 74 twoway taxiway_B 
1202 77 76 twoway taxiway_B 
1202 78 79 twoway taxiway_B 
1202 79 80 twoway taxiway_B 
1202 80 81 twoway taxiway_B 
1202 81 77 twoway taxiway_B 
1202 85 86 twoway taxiway_B 
1202 86 78 twoway taxiway_B 
1202 82 83 twoway taxiway_B 
1202 83 84 twoway taxiway_B 
1202 85 82 twoway taxiway_B 
1202 96 110 twoway taxiway_B 
1202 110 85 twoway taxiway_B 
1202 6 7 twoway taxiway_B 
1202 7 8 twoway taxiway_B 
1202 8 96 twoway taxiway_B 
1202 111 6 twoway taxiway_B 
1202 49 111 twoway taxiway_B 
1202 76 47 twoway taxiway_B 
1202 111 48 twoway taxiway_B 
1202 98 99 twoway taxiway_A 
1202 99 100 twoway taxiway_A 
1202 100 101 twoway taxiway_A 
1202 101 102 twoway taxiway_A 
1202 102 103 twoway taxiway_A 
1202 103 105 twoway taxiway_A 
1202 105 106 twoway taxiway_A 
1202 106 107 twoway taxiway_A 
1202 107 108 twoway taxiway_A 
1202 108 109 twoway taxiway_A 
1202 109 104 twoway taxiway_A 
1202 104 81 twoway taxiway_A 
1202 86 87 twoway taxiway_A 
1202 87 88 twoway taxiway_A 
1202 88 89 twoway taxiway_A 
1202 89 90 twoway taxiway_A 
1202 90 91 twoway taxiway_A 
1202 91 92 twoway taxiway_A 
1202 92 93 twoway taxiway_A 
1202 93 94 twoway taxiway_A 
1202 94 95 twoway taxiway_A 
1202 95 110 twoway taxiway_A 
1202 105 76 twoway taxiway_A 
1202 57 36 twoway taxiway_B A
1202 116 75 twoway taxiway_B A
1204 departure 07,25
1204 arrival 07,25
1202 41 42 twoway taxiway_B A
1204 departure 12,30
1204 arrival 12,30
1202 42 43 twoway taxiway_B A
1204 departure 12,30
1204 arrival 12,30
1202 43 44 twoway taxiway_B A
1204 departure 12,30
1204 arrival 12,30
1202 36 37 twoway taxiway_B A
1202 37 38 twoway taxiway_B A
1204 departure 07,25
1204 arrival 07,25
1202 38 112 twoway taxiway_B A
1204 departure 07,25
1204 arrival 07,25
1202 29 30 twoway taxiway_B A
1202 30 32 twoway taxiway_B A
1202 32 33 twoway taxiway_B A
1202 33 34 twoway taxiway_B A
1202 34 35 twoway taxiway_B A
1202 35 75 twoway taxiway_B A
1204 departure 07,25
1204 arrival 07,25
1202 42 40 twoway taxiway_B A
1204 departure 12,30
1204 arrival 12,30
1202 39 40 twoway taxiway_B A
1204 departure 12,30
1204 arrival 12,30
1202 40 41 twoway taxiway_B A
1204 departure 12,30
1204 arrival 12,30
1202 41 29 twoway taxiway_B A
1204 departure 12,30
1204 arrival 12,30
1202 57 58 twoway taxiway_B A
1202 58 47 twoway taxiway_B A
1202 47 48 twoway taxiway_B A
1202 48 49 twoway taxiway_B A
1202 49 50 twoway taxiway_B A
1202 50 14 twoway taxiway_B A
1202 14 16 twoway taxiway_B A
1202 16 18 twoway taxiway_B A
1202 18 20 twoway taxiway_B A
1202 20 22 twoway taxiway_B A
1202 22 24 twoway taxiway_B A
1202 24 26 twoway taxiway_B A
1202 28 9 twoway taxiway_B A
1202 9 39 twoway taxiway_B A
1202 26 28 twoway taxiway_B A
1202 51 50 twoway taxiway_B B
1202 49 51 twoway taxiway_B B
1202 51 52 twoway taxiway_B B
1202 52 113 twoway taxiway_B B
1204 departure 07,25
1204 arrival 07,25
1202 3 114 twoway taxiway_B C
1204 departure 07,25
1204 arrival 07,25
1202 4 3 twoway taxiway_B C
1202 9 4 twoway taxiway_B C
1202 60 59 twoway taxiway_B D
1204 departure 07,25
1204 arrival 07,25
1202 61 60 twoway taxiway_B D
1204 departure 07,25
1204 arrival 07,25
1202 30 31 twoway taxiway_B D
1202 31 61 twoway taxiway_B D
1202 10 11 twoway taxiway_B E
1202 11 12 twoway taxiway_B E
1202 12 9 twoway taxiway_B E
1202 5 10 twoway taxiway_B E
1202 6 13 twoway taxiway_B E
1202 13 15 twoway taxiway_B E
1202 15 17 twoway taxiway_B E
1202 17 19 twoway taxiway_B E
1202 19 21 twoway taxiway_B E
1202 21 23 twoway taxiway_B E
1202 23 25 twoway taxiway_B E
1202 25 27 twoway taxiway_B E
1202 27 5 twoway taxiway_B E
1202 56 57 twoway taxiway_B F
1202 56 53 twoway taxiway_B F
1202 53 54 twoway taxiway_B F
1202 54 55 twoway taxiway_B F
1202 55 81 twoway taxiway_B F
1202 79 55 twoway taxiway_B F
99
