I
1000 Generated by WorldEditor

1    263 1 0 EDBW Werneuchen
100 35.00 2 2 0.35 0 0 0 08  52.63154631  013.76495360    0    0 4 0 0 0 26  52.63290971  013.78706890    0    0 5 0 0 0
110 2 0.45 84.2000 
112  52.63316526  013.74860688  52.63305729  013.74868990
111  52.63316526  013.74860688
111  52.63099124  013.75034393
111  52.63023515  013.75044455
111  52.62809547  013.75560522
112  52.62809547  013.75560522  52.62792992  013.75602024
112  52.62791485  013.75654999  52.62792140  013.75677636
111  52.62791485  013.75654999
111  52.62754229  013.75730976
111  52.62720264  013.75910478
111  52.62741742  013.76311574
111  52.62786340  013.76464600
111  52.62835918  013.76582712
112  52.62835918  013.76582712  52.62837100  013.76589772
112  52.62843150  013.76613032  52.62843415  013.76628843
111  52.62843150  013.76613032
111  52.62788027  013.76760990
111  52.62770217  013.76811208
111  52.62757282  013.76846032
112  52.62757282  013.76846032  52.62751770  013.76859670
112  52.62771873  013.76858010  52.62775995  013.76847350
111  52.62771873  013.76858010
111  52.62830367  013.76695100
112  52.62830367  013.76695100  52.62836446  013.76674958
112  52.62857363  013.76690907  52.62863064  013.76701491
111  52.62857363  013.76690907
111  52.62959138  013.78362596
112  52.62959138  013.78362596  52.62964886  013.78446246
112  52.63028772  013.78538306  52.63060035  013.78561790
111  52.63028772  013.78538306
111  52.63254800  013.78715073
111  52.63326692  013.78701408
111  52.63715286  013.77871915
112  52.63715286  013.77871915  52.63726093  013.77847451
112  52.63732502  013.77795305  52.63732502  013.77765811
111  52.63732502  013.77795305
111  52.63714554  013.77027785
112  52.63714554  013.77027785  52.63713763  013.77014739
112  52.63718450  013.76982398  52.63721617  013.76966743
111  52.63718450  013.76982398
112  52.63720142  013.76973972  52.63721221  013.76968599
112  52.63724630  013.76951626  52.63726495  013.76942346
111  52.63724630  013.76951626
112  52.63724630  013.76951626  52.63726495  013.76942346
111  52.63778416  013.76686200
111  52.63791137  013.76685867
111  52.63818237  013.76702097
112  52.63818237  013.76702097  52.63821867  013.76704418
112  52.63831390  013.76702230  52.63834458  013.76698602
111  52.63831390  013.76702230
111  52.63838408  013.76706991
111  52.63844989  013.76683342
111  52.63840475  013.76680350
112  52.63840475  013.76680350  52.63842319  013.76671345
112  52.63840565  013.76666272  52.63840021  013.76661172
111  52.63840565  013.76666272
111  52.63862955  013.76640779
111  52.63854413  013.76621838
111  52.63831427  013.76649328
112  52.63831427  013.76649328  52.63828116  013.76642843
112  52.63808561  013.76663276  52.63805658  013.76679446
111  52.63808561  013.76663276
112  52.63808561  013.76663276  52.63803991  013.76668795
112  52.63798557  013.76658644  52.63796037  013.76655461
111  52.63798557  013.76658644
111  52.63787066  013.76640948
111  52.63803266  013.76560345
112  52.63803266  013.76560345  52.63807835  013.76530827
112  52.63804039  013.76479942  52.63797705  013.76446022
111  52.63804039  013.76479942
111  52.63788949  013.76402725
112  52.63788949  013.76402725  52.63792171  013.76396791
112  52.63799170  013.76381962  52.63807175  013.76376447
111  52.63799170  013.76381962
111  52.63819177  013.76372941
112  52.63819177  013.76372941  52.63854672  013.76343997
112  52.63801831  013.76345029  52.63790378  013.76404210
111  52.63801831  013.76345029
112  52.63801831  013.76345029  52.63800531  013.76353137
112  52.63793381  013.76360257  52.63787585  013.76362368
112  52.63779344  013.76352540  52.63774400  013.76347921
111  52.63779344  013.76352540
111  52.63754650  013.76225138
111  52.63759615  013.76214841
111  52.63816209  013.76183990
112  52.63816209  013.76183990  52.63848792  013.76165918
112  52.63798776  013.76153453  52.63789803  013.76200889
111  52.63798776  013.76153453
112  52.63798776  013.76153453  52.63797723  013.76161017
112  52.63794495  013.76169335  52.63790832  013.76171095
111  52.63794495  013.76169335
111  52.63756726  013.76191733
111  52.63746429  013.76181939
111  52.63535547  013.75056701
112  52.63535547  013.75056701  52.63530185  013.75033873
112  52.63503860  013.74997236  52.63488665  013.74981772
111  52.63503860  013.74997236
111  52.63366202  013.74865550
114  52.63366202  013.74865550  52.63348208  013.74850133
111  52.63245190  013.78564110
112  52.63245190  013.78564110  52.63248435  013.78617568
112  52.63178925  013.78627432  52.63156213  013.78606940
111  52.63178925  013.78627432
111  52.63041443  013.78514211
112  52.63041443  013.78514211  52.63003275  013.78476953
112  52.62977705  013.78357110  52.62971356  013.78281508
111  52.62977705  013.78357110
111  52.62962874  013.78066721
112  52.62962874  013.78066721  52.62967391  013.78063000
112  52.63000862  013.78029131  52.63013980  013.78027053
111  52.63000862  013.78029131
111  52.63171451  013.78003555
112  52.63171451  013.78003555  52.63198444  013.78000230
112  52.63215666  013.78065233  52.63216928  013.78081028
113  52.63215666  013.78065233
111  52.63203779  013.77903723
112  52.63203779  013.77903723  52.63205000  013.77923337
112  52.63170262  013.77976238  52.63143095  013.77980261
111  52.63170262  013.77976238
111  52.62999521  013.78003181
112  52.62999521  013.78003181  52.62985781  013.78004259
112  52.62954835  013.77963304  52.62952872  013.77942822
111  52.62954835  013.77963304
111  52.62875717  013.76697825
112  52.62875717  013.76697825  52.62875122  013.76687045
112  52.62885934  013.76674504  52.62893072  013.76674504
111  52.62885934  013.76674504
111  52.62911023  013.76672743
112  52.62911023  013.76672743  52.62921136  013.76670783
112  52.62923749  013.76639637  52.62923154  013.76614157
111  52.62923749  013.76639637
111  52.62877622  013.75888400
112  52.62877622  013.75888400  52.62875837  013.75856061
112  52.62901400  013.75819979  52.62924004  013.75815079
111  52.62901400  013.75819979
111  52.63029117  013.75793494
112  52.63029117  013.75793494  52.63045773  013.75790554
112  52.63076406  013.75862154  52.63079975  013.75908215
113  52.63076406  013.75862154
112  52.63039432  013.75268234  52.63043030  013.75319223
111  52.63039432  013.75268234
111  52.63065703  013.75704262
112  52.63065703  013.75704262  52.63067862  013.75749322
112  52.63027508  013.75766406  52.63008794  013.75769964
111  52.63027508  013.75766406
111  52.62860926  013.75794149
112  52.62860926  013.75794149  52.62841219  013.75797544
112  52.62814687  013.75742794  52.62806050  013.75720265
111  52.62814687  013.75742794
111  52.62810099  013.75652203
112  52.62810099  013.75652203  52.62808659  013.75614037
112  52.62821142  013.75580286  52.62829779  013.75557756
111  52.62821142  013.75580286
111  52.62967051  013.75232295
114  52.62967051  013.75232295  52.62984325  013.75195535
111  52.63384346  013.78542457
112  52.63384346  013.78542457  52.63367719  013.78576373
112  52.63315020  013.78507078  52.63313436  013.78471857
111  52.63315020  013.78507078
111  52.63097849  013.75088524
112  52.63097849  013.75088524  52.63097016  013.75068865
112  52.63116874  013.75044292  52.63126309  013.75036977
111  52.63116874  013.75044292
111  52.63320950  013.74876078
112  52.63320950  013.74876078  52.63334223  013.74867978
112  52.63360081  013.74880388  52.63367455  013.74886868
111  52.63360081  013.74880388
111  52.63505639  013.75026129
112  52.63505639  013.75026129  52.63513765  013.75034041
112  52.63523501  013.75064703  52.63526825  013.75082352
111  52.63523501  013.75064703
111  52.63725893  013.76130980
111  52.63716383  013.76153739
111  52.63660169  013.76180548
112  52.63660169  013.76180548  52.63634223  013.76194129
112  52.63685623  013.76209815  52.63705464  013.76150462
111  52.63685623  013.76209815
112  52.63685623  013.76209815  52.63687760  013.76201767
112  52.63694124  013.76191706  52.63697787  013.76190197
111  52.63694124  013.76191706
111  52.63716874  013.76182091
111  52.63737011  013.76186374
111  52.63758854  013.76302159
111  52.63744185  013.76321824
111  52.63694059  013.76356704
111  52.63698544  013.76375666
111  52.63712236  013.76366888
111  52.63714650  013.76389887
111  52.63700748  013.76425821
111  52.63710350  013.76437601
111  52.63729153  013.76385563
112  52.63729153  013.76385563  52.63739126  013.76379476
112  52.63743423  013.76349926  52.63743423  013.76333494
111  52.63743423  013.76349926
111  52.63752521  013.76343504
111  52.63768139  013.76351605
111  52.63793357  013.76486406
112  52.63793357  013.76486406  52.63797631  013.76510549
112  52.63793082  013.76558149  52.63788809  013.76584304
111  52.63793082  013.76558149
111  52.63741011  013.76808992
111  52.63729330  013.76812340
111  52.63700489  013.76800083
112  52.63700489  013.76800083  52.63688885  013.76795094
112  52.63681991  013.76826485  52.63683505  013.76836046
111  52.63681991  013.76826485
111  52.63658952  013.76862032
111  52.63668960  013.76877778
111  52.63689815  013.76847798
112  52.63689815  013.76847798  52.63696122  013.76850292
112  52.63713613  013.76836888  52.63720425  013.76820261
111  52.63713613  013.76836888
112  52.63724133  013.76831922  52.63729178  013.76833170
112  52.63732634  013.76848988  52.63730868  013.76857718
111  52.63732634  013.76848988
111  52.63706094  013.76977528
112  52.63706094  013.76977528  52.63702497  013.76996602
112  52.63702056  013.77027562  52.63702371  013.77045919
111  52.63702056  013.77027562
111  52.63722377  013.77795908
112  52.63722377  013.77795908  52.63721819  013.77820591
112  52.63706445  013.77861201  52.63697388  013.77881840
113  52.63706445  013.77861201
130 Airport Boundary
111  52.63817423  013.77483496
111  52.63848710  013.77482000
111  52.63841692  013.77129558
111  52.63882480  013.77122939
111  52.63888043  013.76805852
111  52.63882877  013.76690635
111  52.63827603  013.76219442
111  52.63860288  013.76180125
111  52.63847054  013.76092376
111  52.63803026  013.76112425
111  52.63630113  013.74782280
111  52.63315449  013.74411864
111  52.62838566  013.74544041
111  52.62560402  013.75578735
111  52.62584028  013.77229200
111  52.62747739  013.77444915
111  52.62864155  013.78571566
111  52.63111540  013.78757346
111  52.63122677  013.78905807
111  52.63041876  013.79037893
111  52.63144951  013.79202729
111  52.63156088  013.79351191
111  52.63521471  013.79262173
111  52.63476547  013.78506056
111  52.63553683  013.78485257
113  52.63826807  013.77926586
120 Linear Feature 59
112  52.63284888  013.78604435  52.63286734  013.78634255 1
112  52.63347543  013.78635527  52.63371181  013.78588059
111  52.63347543  013.78635527 1
111  52.63710850  013.77867601
112  52.63710850  013.77867601  52.63719372  013.77848421 1
112  52.63727673  013.77795785  52.63727303  013.77772049
111  52.63727673  013.77795785 1
111  52.63708337  013.77027781
112  52.63708337  013.77027781  52.63708337  013.77016826 1
112  52.63712243  013.76979686  52.63716305  013.76957168
111  52.63712243  013.76979686 1
111  52.63799070  013.76553780
112  52.63799070  013.76553780  52.63802764  013.76536130 1
112  52.63798542  013.76482636  52.63794110  013.76455247
111  52.63798542  013.76482636 1
111  52.63749985  013.76224942
112  52.63749985  013.76224942  52.63748877  013.76220377 1
112  52.63753065  013.76207201  52.63757738  013.76204444
111  52.63753065  013.76207201 1
115  52.63806309  013.76174800
120 Linear Feature 58
111  52.63378241  013.78551262 20
111  52.63342048  013.78625301
112  52.63342048  013.78625301  52.63333457  013.78641665 20
116  52.63308296  013.78601774  52.63306084  013.78561940
120 Linear Feature 44
111  52.63243779  013.78662542 20
115  52.63233706  013.78649265
120 Linear Feature 44
111  52.63735470  013.76126801 20
115  52.63724363  013.76118918
120 Linear Feature 44
111  52.63197915  013.77992427 20
115  52.63187841  013.77979149
120 Linear Feature 43
111  52.63243108  013.78646499 20
115  52.63234713  013.78663649
120 Linear Feature 43
111  52.63733076  013.76116152 20
115  52.63726404  013.76130462
120 Linear Feature 43
111  52.63197243  013.77976383 20
115  52.63188849  013.77993533
120 Linear Feature 32
111  52.63082418  013.75299258 20
115  52.63066584  013.75250995
120 Linear Feature 32
111  52.63116361  013.75794904 20
115  52.63100527  013.75746641
120 Linear Feature 32
111  52.63147239  013.76282749 20
115  52.63131405  013.76234486
120 Linear Feature 31
111  52.63079251  013.75248386 20
115  52.63069751  013.75300562
120 Linear Feature 31
111  52.63113195  013.75744032 20
115  52.63103694  013.75796209
120 Linear Feature 31
111  52.63144072  013.76231877 20
115  52.63134572  013.76284053
14  52.62713261  013.76117171   0.00 0 ATC Tower
1300  52.63782195  013.76189909 159.53 tie_down jets|turboprops|props|helos Hangar
1300  52.63711985  013.76417428 300.90 tie_down turboprops|props Parking 1
1300  52.63821849  013.76676981 -179.41 tie_down turboprops|props Parking 2
1300  52.63674774  013.76857071 317.23 tie_down turboprops|props Parking 3
1300  52.63341434  013.78584814 174.64 misc jets|turboprops|props|helos Runup 26
19  52.63387642  013.78467204 0 WS
54 12260 Werneuchen Info
1200 
1201  52.63782195  013.76189909 both 0 Hangar
1201  52.63812874  013.76682185 both 1 N_stop
1201  52.63806583  013.76174211 both 2 N_stop
1201  52.63694296  013.76828122 both 3 N_stop
1201  52.63709831  013.76816177 both 4 N_stop
1201  52.63666260  013.76193767 both 5 N_stop
1201  52.63737061  013.76158148 both 6 N_stop
1201  52.63725215  013.76351922 both 7 N_stop
1201  52.63748348  013.76211948 both 8 N_stop
1201  52.63799385  013.76483651 both 9 N_stop
1201  52.63768362  013.76318132 both 10 N_stop(split)
1201  52.63802002  013.76519232 both 11 N_stop
1201  52.63798076  013.76554812 both 12 N_stop
1201  52.63711705  013.76979618 both 13 N_stop
1201  52.63742065  013.76829829 both 14 N_stop(split)
1201  52.63777121  013.76662770 both 15 N_stop(split)(split)
1201  52.63708433  013.77004416 both 16 N_stop
1201  52.63709088  013.77029214 both 17 N_stop
1201  52.63728063  013.77794720 both 18 N_stop
1201  52.63726100  013.77817362 both 19 N_stop
1201  52.63718903  013.77846473 both 20 N_stop
1201  52.63711051  013.77866958 both 21 N_stop
1201  52.63347898  013.78635051 both 22 N_stop
1201  52.63327751  013.78654967 both 23 N_stop
1201  52.63311634  013.78651094 both 24 N_stop
1201  52.63295181  013.78633944 both 25 N_stop
1201  52.63290735  013.78707265 both 26 N_stop
1201  52.63153310  013.76498555 both 27 N_start
1201  52.63284772  013.78601857 both 28 N_start(split)
1202 15 1 twoway taxiway 
1202 0 2 twoway taxiway 
1202 8 0 twoway taxiway 
1202 9 10 twoway taxiway 
1202 4 3 twoway taxiway N
1202 14 4 twoway taxiway N
1202 6 5 twoway taxiway N
1202 8 6 twoway taxiway N
1202 10 7 twoway taxiway 
1202 10 8 twoway taxiway 
1202 11 9 twoway taxiway 
1202 12 11 twoway taxiway 
1202 13 14 twoway taxiway 
1202 14 15 twoway taxiway 
1202 15 12 twoway taxiway 
1202 16 13 twoway taxiway 
1202 17 16 twoway taxiway 
1202 18 17 twoway taxiway 
1202 19 18 twoway taxiway 
1202 20 19 twoway taxiway 
1202 21 20 twoway taxiway 
1202 22 21 twoway taxiway 
1202 23 22 twoway taxiway 
1202 24 23 twoway taxiway 
1202 25 24 twoway taxiway 
1202 28 25 twoway taxiway 
1202 27 28 twoway runway 08/26
1202 28 26 twoway runway 08/26
1204 departure 08,26
1204 arrival 08,26
1204 ils 08,26
99
