I
1000 Generated by WorldEditor

1     95 1 0 EDCL Klietz/Scharlibbe
100 25.00 3 0 0.00 0 0 0 17  52.71278117  012.07309763    0    0 0 0 0 0 35  52.70702337  012.07333132    0    0 0 0 0 0
102 H1  52.70645111  012.07290833 359.59 9.00 9.00 1 0 0 0.00 0
110 1 0.00 94.0000 Taxiway 3
111  52.70769327  012.07300935
111  52.70775105  012.07301353
111  52.70778392  012.07225356
111  52.70785118  012.07225328
111  52.70784993  012.07204534
111  52.70765541  012.07205392
111  52.70765689  012.07224989
113  52.70772381  012.07225111
110 3 0.00 45.0000 Taxiway 2
111  52.70876236  012.07317364
112  52.70859049  012.07270631  52.70858042  012.07240856
112  52.70857792  012.07234564  52.70857320  012.07223986
112  52.70847336  012.07218515  52.70837486  012.07217958
112  52.70829515  012.07217909  52.70821959  012.07217687
112  52.70818191  012.07184048  52.70806790  012.07184270
112  52.70792359  012.07184982  52.70786449  012.07184982
112  52.70786681  012.07214391  52.70782956  012.07214270
112  52.70705920  012.07213490  52.70690206  012.07213490
112  52.70669201  012.07226832  52.70657617  012.07236761
112  52.70636327  012.07264238  52.70619748  012.07286717
112  52.70637977  012.07320434  52.70654371  012.07336133
112  52.70671364  012.07343711  52.70678718  012.07347163
112  52.70704582  012.07347685  52.70723741  012.07347239
114  52.70795789  012.07328700  52.70836308  012.07321176
110 3 0.00 178.5900 Taxiway 1
111  52.71274724  012.07322014
112  52.71300634  012.07323059  52.71302846  012.07322603
112  52.71304621  012.07310780  52.71305174  012.07303326
112  52.71300724  012.07290461  52.71296024  012.07289624
112  52.71287729  012.07296029  52.71281601  012.07296181
113  52.71274413  012.07298091
130 Airport Boundary
111  52.71308674  012.07280790
111  52.70870644  012.07301305
111  52.70872377  012.07164269
111  52.70636180  012.07161364
111  52.70635596  012.07186543
111  52.70540579  012.07184566
111  52.70625850  012.07311938
111  52.70650679  012.07338232
111  52.70681709  012.07359660
113  52.71305544  012.07334882
20  52.70989539  012.07345268 359.5900 0 2 {@Y}_1_/_2_{@@}_1_/_2_
20  52.70989072  012.07298140 359.5900 0 2 {@Y}_1_/_2_{@@}_1_/_2_
14  52.70789134  012.07222460   9.84 0 Tower Viewpoint
1300  52.70776015  012.07229750  91.45 misc props|helos Hangar
1300  52.70745778  012.07233064  91.87 misc props|helos Grass apron 1
1300  52.70719258  012.07232235  90.00 misc props|helos Grass apron 2
1300  52.70693694  012.07234306  90.88 misc props|helos Grass apron 3
1300  52.70847734  012.07248654 182.89 misc props|helos Grass apron 4
1300  52.70815657  012.07204173  87.97 misc props|helos Grass apron 5
19  52.70649461  012.07241045 0 Windsock 35
54 12237 Klietz Info
1200 
1201  52.70815444  012.07213637 both 0 _start
1201  52.70843000  012.07250694 both 1 _start
1201  52.70836457  012.07263432 both 2 _stop
1201  52.70775613  012.07258295 both 3 _stop
1201  52.70815573  012.07261590 both 4 _stop(split)
1201  52.70746386  012.07258832 both 5 _stop
1201  52.70719123  012.07260541 both 6 _stop
1201  52.70840067  012.07271541 both 7 _start
1201  52.70673309  012.07270182 both 8 _stop
1201  52.70694439  012.07263347 both 9 _stop(split)
1201  52.70673532  012.07332651 both 10 _stop
1201  52.71278106  012.07309749 both 11 17/35_stop
1201  52.70702373  012.07333166 both 12 17/35_start
1201  52.70863601  012.07326555 both 13 17/35_start(split)
1202 0 4 twoway taxiway 
1202 1 2 twoway taxiway 
1202 2 7 twoway taxiway 
1202 3 4 twoway taxiway 
1202 4 2 twoway taxiway 
1202 5 3 twoway taxiway 
1202 6 5 twoway taxiway 
1202 8 9 twoway taxiway 
1202 9 6 twoway taxiway 
1202 7 13 twoway taxiway 
1204 departure 17,35
1204 arrival 17,35
1202 10 8 twoway taxiway 
1204 departure 17,35
1204 arrival 17,35
1202 12 10 twoway taxiway 
1204 departure 17,35
1204 arrival 17,35
1202 12 13 twoway runway 17/35
1202 13 11 twoway runway 17/35
1204 departure 17,35
1204 arrival 17,35
1204 ils 17,35
99
