I
1130 Generated by WorldEditor 2.2.0r2

1    214 1 0 EDOJ Lüsse
1302 city Lüsse
1302 country Germany
1302 datum_lat 52.144166667
1302 datum_lon 12.669666667
1302 faa_code 
1302 gui_label 3D
1302 iata_code 
1302 icao_code EDOJ
1302 region_code ED
1302 state Brandenburg
1302 transition_alt 
1302 transition_level 
100 40.00 3 0 0.00 0 0 0 06  52.13973688  012.66532263    0    0 0 0 0 0 24  52.14348779  012.67897385    0    0 0 0 0 0
110 3 0.00 155.8800 Taxiway 1
112  52.14173629  012.67199134  52.14173289  012.67163670
112  52.14179556  012.67112235  52.14182878  012.67096276
112  52.14197028  012.67085075  52.14207589  012.67077720
111  52.14370727  012.66966889
111  52.14367748  012.66957328
112  52.14193868  012.67073942  52.14183392  012.67081019
112  52.14170176  012.67081145  52.14159104  012.67080590
112  52.14127418  012.67026779  52.14116982  012.67008720
111  52.14092336  012.66965108
113  52.14175519  012.67266595
110 3 0.00 155.8800 Taxiway 2
112  52.14412675  012.67708841  52.14420655  012.67668406
112  52.14406777  012.67707500  52.14403285  012.67725787
112  52.14375639  012.67866726  52.14371610  012.67885655
112  52.14360150  012.67884487  52.14354659  012.67881734
111  52.14337370  012.67856668
112  52.14335376  012.67919602  52.14337206  012.67936232
112  52.14350946  012.67934482  52.14360096  012.67928518
112  52.14366312  012.67924167  52.14372506  012.67919923
114  52.14382085  012.67868737  52.14389340  012.67832533
110 3 0.00 66.2000 Taxiway 3
111  52.14450162  012.66968963
112  52.14440062  012.66932690  52.14438816  012.66927703
112  52.14446967  012.66917241  52.14454335  012.66912069
111  52.14463662  012.66906326
111  52.14436032  012.66807630
111  52.14432631  012.66808638
111  52.14421192  012.66769007
112  52.14352039  012.66817819  52.14348802  012.66820228
112  52.14343311  012.66808583  52.14340847  012.66800096
112  52.14300907  012.66658940  52.14298584  012.66649982
112  52.14303650  012.66639942  52.14308992  012.66635021
112  52.14320933  012.66624743  52.14322519  012.66622848
112  52.14317915  012.66603734  52.14315747  012.66595548
112  52.14219433  012.66255205  52.14217577  012.66249157
112  52.14213398  012.66247583  52.14209878  012.66249043
111  52.14177639  012.66265038
112  52.14064698  012.65857080  52.14060833  012.65844077
112  52.14043288  012.65840584  52.14031068  012.65846680
112  52.13963947  012.65919847  52.13937694  012.65950330
112  52.13946969  012.66029907  52.13957983  012.66072928
112  52.14110123  012.66623691  52.14135952  012.66710174
112  52.14309620  012.67346787  52.14327286  012.67415400
112  52.14450258  012.67860276  52.14468434  012.67915590
112  52.14521098  012.68108961  52.14535264  012.68160357
112  52.14579957  012.68337275  52.14585841  012.68361125
112  52.14617225  012.68353312  52.14640158  012.68337823
112  52.14714422  012.68277686  52.14721250  012.68270919
112  52.14719282  012.68238484  52.14714496  012.68215773
111  52.14708348  012.68191759
112  52.14575212  012.67711876  52.14562067  012.67666358
112  52.14524670  012.67484115  52.14498824  012.67390163
112  52.14403688  012.67045217  52.14399978  012.67031951
114  52.14401092  012.67004627  52.14404596  012.67001940
110 3 0.00 65.8800 Taxiway 4
112  52.13983449  012.66568850  52.13991671  012.66585309
111  52.13983449  012.66568850
112  52.13983449  012.66568850  52.13980943  012.66547414
112  52.13987460  012.66506214  52.13984876  012.66494859
112  52.13972850  012.66484936  52.13965019  012.66487870
112  52.13953125  012.66498422  52.13945842  012.66506077
114  52.13951056  012.66526102  52.13953641  012.66535701
130 Airport Boundary
111  52.14036255  012.65555287
111  52.13843806  012.66154550
111  52.13815668  012.66190910
111  52.13874541  012.66388737
111  52.14016621  012.66933252
111  52.14319711  012.68040345
111  52.14444477  012.68485327
111  52.14748609  012.68254237
111  52.14732925  012.68106643
111  52.14727624  012.68058405
111  52.14700505  012.67897867
111  52.14600178  012.67361603
111  52.14516217  012.66919849
111  52.14457870  012.66640425
111  52.14447197  012.66578975
113  52.14373198  012.66429993
20  52.14183592  012.67205456 245.8800 0 2 {@Y}_1_/_2_{@@}_1_/_2_
20  52.14142662  012.67235532 245.8800 0 2 {@Y}_1_/_2_{@@}_1_/_2_
14  52.14449597  012.66929105  16.40 0 Tower Viewpoint
1300  52.14431727  012.66897372 156.88 misc props Hangars 1
1301 A none 
1300  52.14423681  012.66963155 246.11 misc props Hangars 2
1301 A none 
1300  52.14373861  012.66863749  91.03 misc props Hangars 3
1301 A none 
1300  52.14410502  012.66803334 214.35 misc props Hangars 4
1301 A none 
1300  52.14300178  012.66606726 154.13 misc props|helos Grass apron 1
1301 A none 
1300  52.14285555  012.66562027 155.03 misc props|helos Grass apron 2
1301 A none 
1300  52.14272261  012.66511980 152.29 misc props|helos Grass apron 3
1301 A none 
1300  52.14259128  012.66468077 156.11 misc props|helos Grass apron 4
1301 A none 
1300  52.14246716  012.66420102 157.72 misc props|helos Grass apron 5
1301 A none 
1300  52.14234344  012.66375993 158.09 misc props|helos Grass apron 6
1301 A none 
1300  52.14221235  012.66328155 156.71 misc props|helos Grass apron 7
1301 A none 
1300  52.14209602  012.66285733 156.67 misc props|helos Grass apron 8
1301 A none 
19  52.14387871  012.66867285 0 Windsock
1054 129975 Lüsse Info
1200 
1201  52.14294245  012.66612394 both 0 _start
1201  52.14279901  012.66567637 both 1 _start
1201  52.14264641  012.66519896 both 2 _start
1201  52.14252738  012.66473647 both 3 _start
1201  52.14238546  012.66427398 both 4 _start
1201  52.14227712  012.66382144 both 5 _start
1201  52.14213303  012.66333102 both 6 _start
1201  52.14421385  012.66953747 both 7 _stop
1201  52.14422595  012.66905079 both 8 _start
1201  52.14377836  012.66895458 both 9 _start
1201  52.14402156  012.66807205 both 10 _start
1201  52.14180210  012.66356130 both 11 _stop
1201  52.14193224  012.66403030 both 12 _stop(split)
1201  52.14206195  012.66449031 both 13 _stop(split)(split)
1201  52.14219471  012.66497269 both 14 _stop(split)(split)(split)
1201  52.14232290  012.66543269 both 15 _stop(split)(split)(split)(split)
1201  52.14246329  012.66594492 both 16 _stop(split)(split)(split)(split)(split)
1201  52.14258232  012.66638503 both 17 _stop(split)(split)(split)(split)(split)(split)
1201  52.14320241  012.66863277 both 18 _stop(split)
1201  52.14337744  012.66926879 both 19 _stop(split)(split)
1201  52.14200522  012.66292347 both 20 _start
1201  52.14413405  012.67690053 both 21 _stop
1201  52.14402046  012.67643455 both 22 _stop
1201  52.14322052  012.67334310 both 23 _stop
1201  52.14365155  012.66964789 both 24 _stop
1201  52.14350792  012.66974308 both 25 _stop(split)
1201  52.14242881  012.67047152 both 26 _stop(split)
1201  52.14256577  012.67096735 both 27 _stop(split)(split)
1201  52.14417192  012.66932464 both 28 _start
1201  52.14167853  012.67098714 both 29 _stop
1201  52.14200975  012.67075496 both 30 _start
1201  52.14394029  012.67789248 both 31 _stop
1201  52.14376288  012.67882034 both 32 _stop
1201  52.14369301  012.67906083 both 33 _stop
1201  52.14351710  012.67919217 both 34 _stop
1201  52.14348627  012.67896758 both 35 06/24_stop
1201  52.13973719  012.66532379 both 36 06/24_start
1201  52.14057549  012.66837417 both 37 06/24_start(split)
1201  52.14136038  012.67123624 both 38 06/24_start(split)(split)
1201  52.14246169  012.67524028 both 39 06/24_start(split)(split)
1202 0 17 twoway taxiway_A 
1202 1 16 twoway taxiway_A 
1202 2 15 twoway taxiway_A 
1202 3 14 twoway taxiway_A 
1202 4 13 twoway taxiway_A 
1202 5 12 twoway taxiway_A 
1202 6 11 twoway taxiway_A 
1202 28 7 twoway taxiway_A 
1202 8 28 twoway taxiway_A 
1202 9 19 twoway taxiway_A 
1202 10 18 twoway taxiway_A 
1202 11 12 twoway taxiway_A 
1202 12 13 twoway taxiway_A 
1202 13 14 twoway taxiway_A 
1202 14 15 twoway taxiway_A 
1202 15 16 twoway taxiway_A 
1202 16 17 twoway taxiway_A 
1202 17 18 twoway taxiway_A 
1202 18 19 twoway taxiway_A 
1202 19 25 twoway taxiway_A 
1202 20 11 twoway taxiway_A 
1202 21 31 twoway taxiway_A 
1202 22 21 twoway taxiway_A 
1202 23 22 twoway taxiway_A 
1202 26 27 twoway taxiway_A 
1202 27 23 twoway taxiway_A 
1202 24 25 twoway taxiway_A 
1202 25 26 twoway taxiway_A 
1202 26 30 twoway taxiway_A 
1202 28 24 twoway taxiway_A 
1202 29 38 twoway taxiway_A 
1204 departure 06,24
1204 arrival 06,24
1202 30 29 twoway taxiway_A 
1204 departure 06,24
1204 arrival 06,24
1202 32 31 oneway taxiway_A 
1204 departure 06,24
1204 arrival 06,24
1202 33 32 twoway taxiway_A 
1204 departure 06,24
1204 arrival 06,24
1202 34 33 twoway taxiway_A 
1204 departure 06,24
1204 arrival 06,24
1202 35 34 twoway taxiway_A 
1204 departure 06,24
1204 arrival 06,24
1202 36 37 twoway runway 06/24
1204 departure 06,24
1204 arrival 06,24
1204 ils 06,24
1202 37 38 twoway runway 06/24
1204 departure 06,24
1204 arrival 06,24
1204 ils 06,24
1202 38 39 twoway runway 06/24
1204 departure 06,24
1204 arrival 06,24
1204 ils 06,24
1202 39 35 twoway runway 06/24
1204 departure 06,24
1204 arrival 06,24
1204 ils 06,24
99
