I
1000 Generated by WorldEditor

1    130 1 0 EDOR Stölln/Rhinow
100 45.00 3 0 0.00 0 0 0 08  52.74036920  012.38505993    0    0 0 0 0 0 26  52.74121972  012.39746709    0    0 0 0 0 0
110 3 0.00 45.0000 Taxiway 1
112  52.74063484  012.38446911  52.74062668  012.38429569
112  52.74048000  012.38245758  52.74043431  012.38216886
112  52.74013865  012.38201004  52.73987446  012.38200676
112  52.73936447  012.38213210  52.73918172  012.38216818
112  52.73920259  012.38257383  52.73921649  012.38286254
112  52.73935743  012.38482898  52.73938434  012.38503270
112  52.73961784  012.38511959  52.73980509  012.38512885
112  52.74010346  012.38509053  52.74030226  012.38507056
111  52.74045878  012.38557936
112  52.74073257  012.38521175  52.74091193  012.38519466
111  52.74073257  012.38521175
112  52.74073257  012.38521175  52.74082225  012.38520320
112  52.74097672  012.38518443  52.74104275  012.38517611
111  52.74108635  012.38516992
111  52.74129572  012.38514431
112  52.74410586  012.38479557  52.74438743  012.38476143
112  52.74472072  012.38548759  52.74484146  012.38589667
112  52.74515271  012.38693389  52.74523978  012.38718490
112  52.74559061  012.38744947  52.74576104  012.38748917
112  52.74610790  012.38743377  52.74627615  012.38740292
112  52.74671820  012.38732155  52.74689102  012.38729858
112  52.74701000  012.38773528  52.74708493  012.38800707
112  52.74730302  012.38868299  52.74737167  012.38880380
111  52.74730302  012.38868299
112  52.74730302  012.38868299  52.74733734  012.38874340
112  52.74760016  012.38864978  52.74767096  012.38852935
112  52.74768100  012.38823457  52.74774145  012.38820745
112  52.74790355  012.38821696  52.74797384  012.38821390
111  52.74802259  012.38819522
111  52.74796213  012.38769889
112  52.74760924  012.38794561  52.74754196  012.38798266
112  52.74751909  012.38783326  52.74747870  012.38763641
112  52.74740055  012.38722553  52.74734508  012.38691511
112  52.74727323  012.38667356  52.74720808  012.38654377
112  52.74702793  012.38658473  52.74690019  012.38660195
112  52.74665196  012.38707503  52.74642949  012.38710128
112  52.74589623  012.38716573  52.74576076  012.38717295
112  52.74551325  012.38664724  52.74550258  012.38619765
112  52.74551208  012.38576184  52.74553364  012.38545354
112  52.74530345  012.38472228  52.74522228  012.38447238
112  52.74488988  012.38458829  52.74485556  012.38454447
111  52.74488988  012.38458829
112  52.74488988  012.38458829  52.74482124  012.38450066
112  52.74478894  012.38416810  52.74467818  012.38417905
114  52.74074486  012.38470148  52.74065414  012.38471158
110 3 0.00 0.0000 Taxiway 2
112  52.74106294  012.39520222  52.74104273  012.39489859
111  52.74106294  012.39520222
112  52.74106294  012.39520222  52.74106608  012.39536810
112  52.74063452  012.39547641  52.74040969  012.39548560
112  52.74041677  012.39591510  52.74041991  012.39615615
112  52.74047549  012.39716619  52.74048560  012.39732601
112  52.74076392  012.39750231  52.74103697  012.39749713
114  52.74117616  012.39689736  52.74114007  012.39635566
110 3 0.00 45.0000 Taxiway 3
112  52.74515271  012.38693389  52.74472998  012.38671221
111  52.74515271  012.38693389
112  52.74515271  012.38693389  52.74521868  012.38716168
112  52.74419488  012.38657497  52.74377400  012.38639800
112  52.74328009  012.38638066  52.74280871  012.38637076
112  52.74211836  012.38580370  52.74167820  012.38549779
112  52.74119970  012.38515368  52.74112401  012.38514871
112  52.74097672  012.38518443  52.74082747  012.38525936
111  52.74097672  012.38518443
112  52.74097672  012.38518443  52.74108635  012.38516992
112  52.74208431  012.38594168  52.74254622  012.38628389
112  52.74290113  012.38666299  52.74302504  012.38679456
112  52.74287050  012.38734991  52.74279793  012.38749903
112  52.74147158  012.39013575  52.74106455  012.39128094
111  52.74086885  012.39200929
111  52.74093860  012.39338394
112  52.74151154  012.39052801  52.74196687  012.38924038
112  52.74273074  012.38793699  52.74305202  012.38738509
112  52.74352143  012.38679869  52.74377588  012.38679091
112  52.74434375  012.38704220  52.74482373  012.38722394
112  52.74531596  012.38746657  52.74559923  012.38751930
113  52.74610790  012.38743377
130 Airport Boundary
111  52.73732225  012.38237625
111  52.73739463  012.38359989
111  52.73724560  012.38824128
111  52.73707954  012.39244663
111  52.73848895  012.39233411
111  52.73870185  012.39265760
111  52.73866353  012.39552682
111  52.73888408  012.39845612
111  52.73912765  012.39871254
111  52.74110764  012.39929632
111  52.74187189  012.39898448
111  52.74260017  012.39891302
111  52.74236905  012.39679735
111  52.74217163  012.39521169
111  52.74255873  012.39494316
111  52.74240002  012.39317848
111  52.74265550  012.39071688
111  52.74289937  012.39000717
111  52.74313162  012.38757750
111  52.74364259  012.38697008
111  52.74454065  012.38725138
111  52.74507871  012.38752631
111  52.74510968  012.38788439
111  52.74606193  012.38783323
111  52.74740045  012.38889527
111  52.74768366  012.38878025
111  52.74820077  012.38833906
111  52.74807566  012.38748764
111  52.74772565  012.38766744
111  52.74762586  012.38718522
111  52.74741578  012.38728189
111  52.74731680  012.38653038
111  52.74606935  012.38668127
111  52.74607176  012.38687980
111  52.74556701  012.38692347
111  52.74553577  012.38614130
111  52.74565321  012.38586852
111  52.74557113  012.38548886
111  52.74547099  012.38449903
111  52.74543323  012.38356888
111  52.74500640  012.38365566
111  52.74502216  012.38403131
111  52.74070239  012.38467640
111  52.74057461  012.38182678
113  52.73875307  012.38207075
20  52.74103321  012.39122826 263.7100 0 2 {@Y}_1_/_2_{@@}_1_/_2_
20  52.74055337  012.39132757 263.7100 0 2 {@Y}_1_/_2_{@@}_1_/_2_
14  52.73946254  012.39153848  16.40 0 Tower Viewpoint
1300  52.74738354  012.38764598 159.57 misc props North apron 1
1300  52.74783839  012.38805143 187.06 misc props North apron 2
1300  52.74744465  012.38844350 247.85 misc props|helos North apron 3
1300  52.74729327  012.38713060 151.09 misc props North apron 4
1300  52.74720087  012.38678786 120.73 misc props|helos North apron 5
1300  52.74701984  012.38673213 103.54 misc props|helos North apron 6
1300  52.74529244  012.38538752 168.11 misc props|helos South apron 1
1300  52.74520078  012.38490849 170.81 misc props|helos South apron 2
19  52.74151646  012.39156913 0 Windsock runway
54 12200 Stölln Info
1200 
1201  52.74734583  012.38767166 both 0 _start
1201  52.74725234  012.38716045 both 1 _start
1201  52.74717430  012.38688084 both 2 _start
1201  52.74700174  012.38683908 both 3 _start
1201  52.74520255  012.38541596 both 4 _start
1201  52.74509457  012.38495397 both 5 _start
1201  52.74292109  012.38740995 both 6 _stop
1201  52.74232882  012.38849576 both 7 _stop
1201  52.74201905  012.38906591 both 8 _stop
1201  52.74172875  012.38971207 both 9 _stop
1201  52.74147735  012.39036393 both 10 _stop
1201  52.74516688  012.38723445 both 11 _stop
1201  52.74476664  012.38705524 both 12 _stop
1201  52.74423239  012.38681920 both 13 _stop
1201  52.74376251  012.38662780 both 14 _stop
1201  52.74336451  012.38662123 both 15 _stop
1201  52.74300155  012.38654185 both 16 _stop
1201  52.74257771  012.38626440 both 17 _stop
1201  52.74196622  012.38578596 both 18 _stop
1201  52.74127280  012.38528820 both 19 _stop
1201  52.74742517  012.38835952 both 20 _stop
1201  52.74777599  012.38806111 both 21 _stop
1201  52.74734112  012.38809154 both 22 _stop
1201  52.74710598  012.38746178 both 23 _stop
1201  52.74719795  012.38777070 both 24 _stop(split)
1201  52.74692312  012.38718870 both 25 _stop
1201  52.74671247  012.38719595 both 26 _stop
1201  52.74585648  012.38733498 both 27 _stop
1201  52.74559772  012.38729214 both 28 _stop
1201  52.74535433  012.38701456 both 29 _stop
1201  52.74517335  012.38654393 both 30 _stop
1201  52.74479103  012.38509697 both 31 _stop
1201  52.74491933  012.38557385 both 32 _stop(split)
1201  52.74453615  012.38471841 both 33 _stop
1201  52.74418489  012.38452382 both 34 _stop
1201  52.74087933  012.38496525 both 35 _stop
1201  52.74076460  012.38496310 both 36 _stop
1201  52.74051840  012.38466719 both 37 _stop
1201  52.74034985  012.38472336 both 38 _stop
1201  52.74127756  012.39097734 both 39 _stop
1201  52.74109244  012.39169388 both 40 _stop
1201  52.74120700  012.39728352 both 41 08/26_stop
1201  52.74037516  012.38514410 both 42 08/26_start
1201  52.74088827  012.39263952 both 43 08/26_start(split)
1202 0 24 twoway taxiway 
1202 1 25 twoway taxiway 
1202 2 25 twoway taxiway 
1202 3 25 twoway taxiway 
1202 4 32 twoway taxiway 
1202 5 31 twoway taxiway 
1202 6 15 twoway taxiway 
1202 7 6 twoway taxiway 
1202 8 7 twoway taxiway 
1202 9 8 twoway taxiway 
1202 10 9 twoway taxiway 
1202 39 10 twoway taxiway 
1202 11 28 twoway taxiway 
1202 12 11 twoway taxiway 
1202 13 12 twoway taxiway 
1202 14 13 twoway taxiway 
1202 15 14 twoway taxiway 
1202 16 15 twoway taxiway 
1202 17 16 twoway taxiway 
1202 18 17 twoway taxiway 
1202 19 18 twoway taxiway 
1202 35 19 twoway taxiway 
1202 22 20 twoway taxiway 
1202 22 21 twoway taxiway 
1202 23 24 twoway taxiway 
1202 24 22 twoway taxiway 
1202 25 23 twoway taxiway 
1202 26 25 twoway taxiway 
1202 27 26 twoway taxiway 
1202 28 27 twoway taxiway 
1202 29 28 twoway taxiway 
1202 30 29 twoway taxiway 
1202 31 32 twoway taxiway 
1202 32 30 twoway taxiway 
1202 33 31 twoway taxiway 
1202 34 33 twoway taxiway 
1202 35 34 twoway taxiway 
1202 36 35 twoway taxiway 
1204 departure 08,26
1204 arrival 08,26
1202 37 36 twoway taxiway 
1204 departure 08,26
1204 arrival 08,26
1202 38 37 twoway taxiway 
1204 departure 08,26
1204 arrival 08,26
1202 42 38 twoway taxiway 
1204 departure 08,26
1204 arrival 08,26
1202 40 39 twoway taxiway 
1204 departure 08,26
1204 arrival 08,26
1202 43 40 twoway taxiway 
1204 departure 08,26
1204 arrival 08,26
1202 42 43 twoway runway 08/26
1202 43 41 twoway runway 08/26
1204 departure 08,26
1204 arrival 08,26
1204 ils 08,26
99
